-3.521553874015808105e-01 2.413785552978515625e+01 4.162232971191406250e+02
-1.156488022559551743e+00 2.396866935920410313e+01 4.167899923203294179e+02
-1.960820657717547988e+00 2.379948318862304291e+01 4.173566875215181540e+02
-2.765153292875518698e+00 2.363029701804198979e+01 4.179233827227069469e+02
-3.569485928033515165e+00 2.346111084746093312e+01 4.184900779238956829e+02
-4.373957660248836810e+00 2.329189721162465432e+01 4.190565379577242879e+02
-5.239947326290145924e+00 2.311146484499285236e+01 4.195192031729359314e+02
-6.088606900856056825e+00 2.307871723513359541e+01 4.200438756562899698e+02
-6.887597689281529156e+00 2.306175289779966775e+01 4.206420071666062199e+02
-7.610638615523822814e+00 2.305758726845312623e+01 4.213301677897181321e+02
-8.303023462655222175e+00 2.293735885314721656e+01 4.220389783626250733e+02
-8.930002796361891981e+00 2.272290968893890195e+01 4.227856335216446837e+02
-9.516897426680666072e+00 2.254034289999773577e+01 4.235720983798551629e+02
-1.009283940127328982e+01 2.246483503983179730e+01 4.243838760661263336e+02
-1.058936473349674756e+01 2.241844600105084595e+01 4.252477633785792364e+02
-1.089792432745512407e+01 2.231243888206606485e+01 4.261905248350573174e+02
-1.111534304145458840e+01 2.206536189094623168e+01 4.271329421367085502e+02
-1.138428589012364966e+01 2.186214375591326942e+01 4.280725026980971393e+02
-1.161790356637634503e+01 2.172287656043417314e+01 4.290328727282433192e+02
-1.177903790064945433e+01 2.161797747941747261e+01 4.300122605492941261e+02
-1.188607297463860135e+01 2.142737291118817566e+01 4.309854490129563942e+02
-1.185213474535766842e+01 2.115678012919800466e+01 4.319456205678731067e+02
-1.177577082804175035e+01 2.093673975142138843e+01 4.329155333534360466e+02
-1.183959846297116769e+01 2.074006211331047211e+01 4.338920907893623280e+02
-1.184325777720186323e+01 2.052738983899431702e+01 4.348658685304864093e+02
-1.174001277842823754e+01 2.047864794958496759e+01 4.358557014701232220e+02
-1.167128903709294541e+01 2.060616915643899816e+01 4.368430349268691089e+02
-1.163913577745550398e+01 2.065512780170891460e+01 4.378391925257227513e+02
-1.151911207256291014e+01 2.067432232104996359e+01 4.388298503606054624e+02
-1.134665363228146973e+01 2.071574591557353884e+01 4.398121463975794541e+02
-1.121406671463787852e+01 2.071829939338656601e+01 4.408013071333703010e+02
-1.113676147346197354e+01 2.074748616670031609e+01 4.417950569282348283e+02
-1.096225225204122999e+01 2.085948489465834044e+01 4.427715576208524908e+02
-1.081989554889596228e+01 2.099061231294662733e+01 4.437508651444266548e+02
-1.070343166164343174e+01 2.112533109246340501e+01 4.447326563443447753e+02
-1.052980483680441992e+01 2.132148170883955629e+01 4.456958342887044182e+02
-1.037668928737013729e+01 2.156577819198900414e+01 4.466511885200591223e+02
-1.029929104927020767e+01 2.181184232902518616e+01 4.476153263119577446e+02
-1.023427821683555372e+01 2.200756693987243295e+01 4.485916956635414294e+02
-1.009900808208003831e+01 2.223263770647506377e+01 4.495542962298888483e+02
-9.948518421552087432e+00 2.253135436780351597e+01 4.504947623182280267e+02
-9.755623291024258847e+00 2.281597436340200957e+01 4.514319774971583001e+02
-9.553617553078840530e+00 2.312910699783910573e+01 4.523580792467710694e+02
-9.353665020485431469e+00 2.347801158143405686e+01 4.532717634004397951e+02
-9.163743451709629895e+00 2.385959217297930479e+01 4.541743676545893891e+02
-9.018493494016693646e+00 2.426218101422894335e+01 4.550761841025080798e+02
-8.836197211171727517e+00 2.467612332509977691e+01 4.559474314939894271e+02
-8.319519194850082400e+00 2.510187460403797033e+01 4.566802279607029504e+02
-8.039898693948096309e+00 2.546865465143052631e+01 4.575571378253223429e+02
-8.021832019531220936e+00 2.581351916181377248e+01 4.584937043012529898e+02
-8.045003622300100687e+00 2.613680459881340923e+01 4.594377511433686436e+02
-8.111289854482654604e+00 2.643022546724991884e+01 4.603895686298968144e+02
-8.213676720702615341e+00 2.671239499888670821e+01 4.613415980754712677e+02
-8.305100195875022351e+00 2.695957229599741822e+01 4.623044671633362555e+02
-8.367184312950950442e+00 2.719315965985191852e+01 4.632723987513848556e+02
-8.412544382104321983e+00 2.733930756791965777e+01 4.642583756036178215e+02
-8.375487551394352082e+00 2.750109642619063166e+01 4.652428364808324091e+02
-8.348043395764463526e+00 2.767610460339760436e+01 4.662247793919266883e+02
-8.334042795861947184e+00 2.794136334205696670e+01 4.671866257063870762e+02
-8.251103353887359049e+00 2.824522880451987206e+01 4.681333596521897107e+02
-8.163907904375752977e+00 2.845840090166436909e+01 4.691044201599982557e+02
-8.155387438904163844e+00 2.867762776685750126e+01 4.700782861320241182e+02
-8.169614982359901134e+00 2.891906823811610749e+01 4.710467504946318513e+02
-8.150251078425588602e+00 2.912561281491907295e+01 4.720232711908842020e+02
-8.149387774756140956e+00 2.935329256062291137e+01 4.729952701082162889e+02
-8.118381619346832778e+00 2.958576564628112848e+01 4.739655112380575019e+02
-8.089007023002626084e+00 2.975566434091041756e+01 4.749488579209661907e+02
-8.054579895170629555e+00 2.991200647191476847e+01 4.759342769282901600e+02
-8.007755403765786539e+00 3.008459224957259792e+01 4.769164010004540160e+02
-8.010746274742944095e+00 3.024401216669386372e+01 4.779018433005770135e+02
-8.006925447583238764e+00 3.034854023058125705e+01 4.788946519265995221e+02
-8.012016371679871796e+00 3.049859982483923204e+01 4.798815948460966183e+02
-8.056028926248592015e+00 3.067185696041944354e+01 4.808634860751230349e+02
-7.985354752492037633e+00 3.080038502614037910e+01 4.818504207398172525e+02
-8.098449346016458605e+00 3.093236620879765653e+01 4.828335326254571100e+02
-8.238788634652522092e+00 3.100278095107107035e+01 4.838191521140603868e+02
-8.531731013170546163e+00 3.099958322990335802e+01 4.847715786899358932e+02
-8.942576903727939452e+00 3.074381697680579961e+01 4.856389649997427114e+02
-9.398279317786125020e+00 3.033443358159062697e+01 4.864255655326975898e+02
-9.884459312836790801e+00 2.992318684993897904e+01 4.871943930855800318e+02
-1.025515360235996809e+01 2.948766506047878622e+01 4.880112932224813562e+02
-1.061478921726939362e+01 2.918685077476471790e+01 4.888910116981287501e+02
-1.094222551367901808e+01 2.899945713980377704e+01 4.898145393039894770e+02
-1.121143814072615363e+01 2.882686157015533723e+01 4.907600719140228875e+02
-1.148425367041585687e+01 2.875290210450260275e+01 4.917168997164497455e+02
-1.163213454506847100e+01 2.867391716677065006e+01 4.926999385759132792e+02
-1.175721331167774864e+01 2.860967375343841468e+01 4.936883220493392628e+02
-1.185115576878405008e+01 2.861435025482733252e+01 4.946818746449884543e+02
-1.197640137027957152e+01 2.857296021481993265e+01 4.956711849759079200e+02
-1.207672010220848158e+01 2.849344258606641134e+01 4.966611772346824978e+02
-1.216125286631532632e+01 2.843595837179277552e+01 4.976542311662156521e+02
-1.234663035957469113e+01 2.839052522630819553e+01 4.986334302378813845e+02
-1.251191095440181478e+01 2.831956454686802971e+01 4.996153212136054549e+02
-1.263783803959276852e+01 2.817749839858418071e+01 5.005950660092046860e+02
-1.274127777545458606e+01 2.805940630595641494e+01 5.015809035129921654e+02
-1.282501630236447276e+01 2.795977940692018748e+01 5.025707074276771209e+02
-1.289435066095221316e+01 2.786309185342715011e+01 5.035619402544712671e+02
-1.296598473583470756e+01 2.776789214149549068e+01 5.045531625121163870e+02
-1.299771036154743520e+01 2.765586385538023251e+01 5.055445724397429785e+02
-1.301753302438971893e+01 2.754571191679665887e+01 5.065366328833997045e+02
-1.301186814383382107e+01 2.743865071915987386e+01 5.075291740003302721e+02
-1.304485951118378040e+01 2.737507480331551335e+01 5.085246989667460298e+02
-1.309156435455385648e+01 2.728041914296418113e+01 5.095173568112021485e+02
-1.315997345874263935e+01 2.721721910711955417e+01 5.105112322466912929e+02
-1.325274358403277120e+01 2.717475077040074183e+01 5.115043120315451119e+02
-1.337443253528143750e+01 2.714188472996865187e+01 5.124946269892916462e+02
-1.348093882063178661e+01 2.717970639627840512e+01 5.134861801449145560e+02
-1.351426966750997316e+01 2.722546050745952328e+01 5.144825617570913892e+02
-1.355229072453401429e+01 2.730904029740017336e+01 5.154765610411358239e+02
-1.370638938149702035e+01 2.754438412672538661e+01 5.164316726268182265e+02
-1.369234857836281805e+01 2.773660799745873717e+01 5.174083029976260377e+02
-1.364411580100262533e+01 2.775907172800000922e+01 5.184033741503191095e+02
-1.360395254956087641e+01 2.786964635139327129e+01 5.193938680601988835e+02
-1.355195433372219682e+01 2.812554630014464863e+01 5.203561869793491041e+02
-1.332408940709557399e+01 2.833824388373053438e+01 5.213020988982980271e+02
-1.310096860679551156e+01 2.847623819426252822e+01 5.222649642152257456e+02
-1.268595705877013380e+01 2.865680876433187407e+01 5.231510594009668011e+02
-1.229980952334457456e+01 2.878813429982093908e+01 5.240617313923429492e+02
-1.192823058343379650e+01 2.888030356928038245e+01 5.249836887589486878e+02
-1.150073878872001920e+01 2.894011927476896773e+01 5.258835607309306397e+02
-1.099800279415434012e+01 2.903147232755314278e+01 5.267406634674388215e+02
-1.056092740350933212e+01 2.914892161333750309e+01 5.276299699396274718e+02
-1.008838848404444555e+01 2.930871709485211341e+01 5.284944149188480651e+02
-9.524095251009512708e+00 2.948736973336302469e+01 5.292974940910560235e+02
-9.063122665444735659e+00 2.965447450185951794e+01 5.301658723692139574e+02
-8.602992901570575057e+00 2.983725745302217902e+01 5.310327759135650467e+02
-8.140824409595813549e+00 3.001728669435498986e+01 5.318992083971652391e+02
-7.686462037020024951e+00 3.018697310066473349e+01 5.327718229029682107e+02
-7.227798668436854257e+00 3.035661842466934246e+01 5.336422033491345474e+02
-6.737312192483754458e+00 3.056660170592252612e+01 5.344857912081635050e+02
-6.250787627882764319e+00 3.076163333908599995e+01 5.353354420045266124e+02
-5.762069207181403918e+00 3.096654877513578086e+01 5.361815264463382391e+02
-5.311076359691868198e+00 3.104369236177413427e+01 5.370674426868486080e+02
-4.846687983392321541e+00 3.137679716873282487e+01 5.378856134908462536e+02
-4.302002260852309412e+00 3.161057740845184227e+01 5.386889290762784412e+02
-3.813838714994548074e+00 3.179178989298540969e+01 5.395406935828394808e+02
-3.392005222379379514e+00 3.191548934905963719e+01 5.404369947022187262e+02
-2.922867424073707809e+00 3.211040400684694163e+01 5.412964283081329313e+02
-2.435030013544605243e+00 3.229905065645176876e+01 5.421467586802905316e+02
-1.959190193995323348e+00 3.244270377061427268e+01 5.430123594442137573e+02
-1.479649437509821253e+00 3.268345265996875071e+01 5.438540509081444725e+02
-9.680807897643171067e-01 3.284311944498306701e+01 5.446957576795331306e+02
-5.430920890953766511e-01 3.312116767921495608e+01 5.455546185047646759e+02
5.676781115119582805e-03 3.340085155887348378e+01 5.463401753326546668e+02
5.135779752090868788e-01 3.364172891906546425e+01 5.471646657590270024e+02
9.187205500187518581e-01 3.393901233007178320e+01 5.480270415353705857e+02
1.339712554867936056e+00 3.432013883068646010e+01 5.488474842089223102e+02
1.813620824999487180e+00 3.477935882248138455e+01 5.495960326493348020e+02
2.293844883369367427e+00 3.514459357093768688e+01 5.503911842329799811e+02
2.748476286117767398e+00 3.557706710828115604e+01 5.511676389057862480e+02
3.222510984949298773e+00 3.602338170363896808e+01 5.519242473688949531e+02
3.645478397929449166e+00 3.646054584392270215e+01 5.527158344575333331e+02
4.085874383979288815e+00 3.687523293730651375e+01 5.535091007366715985e+02
4.602930519015691502e+00 3.734616730595245571e+01 5.542215125712178860e+02
5.127451352808771290e+00 3.781940867993147748e+01 5.549258714473086229e+02
5.577835659956711822e+00 3.827161752847031551e+01 5.556914488203613018e+02
6.149134204796196990e+00 3.874070092699685119e+01 5.563613032424971152e+02
6.655802586459764747e+00 3.917703839483493056e+01 5.571017876880061976e+02
7.209023709737568453e+00 3.966693705624931710e+01 5.577723944878383691e+02
7.706632193936876263e+00 4.022166197467506521e+01 5.584359613883337943e+02
8.223784928204031175e+00 4.082678997998476689e+01 5.590379002464413816e+02
8.681107067603299754e+00 4.144872356314132844e+01 5.596708440965177260e+02
9.142597320577570130e+00 4.205164168355625520e+01 5.603185155577821206e+02
9.534854594306501951e+00 4.269466645632615354e+01 5.609730345731418311e+02
9.854151305803625860e+00 4.337390479193471293e+01 5.616311661864145890e+02
1.013725179930722931e+01 4.406827448728024166e+01 5.622899872974712707e+02
1.039151219512178415e+01 4.478828799546358397e+01 5.629287757304930437e+02
1.049804689262546198e+01 4.548453828581146041e+01 5.636361406221233210e+02
1.062946454591278034e+01 4.617879313752185055e+01 5.643411505220960862e+02
1.071583264256251589e+01 4.685882405384325011e+01 5.650658014306815176e+02
1.080142329936460754e+01 4.742242382377312993e+01 5.658762550237731830e+02
1.091039983967141147e+01 4.774743887641275819e+01 5.668132267352576719e+02
1.102262393779258964e+01 4.792680402734627876e+01 5.677766536256999643e+02
1.120608136469505034e+01 4.776503852219426705e+01 5.687404005285982294e+02
1.142027317788444307e+01 4.739773904692309259e+01 5.696391487533591089e+02
1.158422837270580885e+01 4.684813539911122149e+01 5.704526533328008782e+02
1.175949988305310612e+01 4.616822622695928402e+01 5.711593826949853110e+02
1.199198718939913810e+01 4.542354439065703531e+01 5.717821492769157885e+02
1.221141642654403192e+01 4.465128865446491346e+01 5.723751137090648626e+02
1.246002407516839483e+01 4.383107881945326767e+01 5.728722139225618548e+02
1.275144801367646430e+01 4.293392613203877062e+01 5.731895841404436851e+02
1.290670809916029604e+01 4.199611175612314895e+01 5.734927377059539140e+02
1.301087863662961652e+01 4.105440756926503809e+01 5.738057489237589834e+02
1.308473428063152078e+01 4.010395151791048107e+01 5.740971344417037017e+02
1.313483614138647937e+01 3.917647584121309734e+01 5.744605712140834157e+02
1.323378597692693859e+01 3.825821327075543365e+01 5.748389137703618417e+02
1.330232380886661936e+01 3.733953976221280158e+01 5.752234257351979068e+02
1.339667572728245837e+01 3.643120132772071429e+01 5.756263923755972201e+02
1.347543105730774826e+01 3.553675862858550971e+01 5.760574254532591567e+02
1.353356188373964208e+01 3.465809285297128639e+01 5.765175091588405394e+02
1.369696349053109330e+01 3.380208675208216107e+01 5.769965536325901212e+02
1.382551799545591109e+01 3.299047160465388373e+01 5.775619934224450844e+02
1.401167172700972863e+01 3.217132745292436624e+01 5.781014339134740112e+02
1.421540047196637424e+01 3.140921966542385135e+01 5.787000191879532167e+02
1.445199894858868106e+01 3.078265579823070297e+01 5.794395668300561510e+02
1.476935883782128123e+01 3.023266447840749294e+01 5.802038790173360212e+02
1.522097673176236654e+01 2.977615332858398389e+01 5.809668528948982384e+02
1.572594459493459240e+01 2.939492174621582521e+01 5.817372232027814789e+02
1.620703489279244991e+01 2.912710204876782072e+01 5.825656864951951093e+02
1.661174007782568651e+01 2.901277304498834297e+01 5.834655066618551018e+02
1.691972300515325855e+01 2.907049870688712900e+01 5.844082373844006497e+02
1.715979981117193631e+01 2.917476957682807637e+01 5.853700911087745453e+02
1.743257316906608168e+01 2.923066955624687324e+01 5.863287064918947635e+02
1.768647161196976825e+01 2.930434347449742205e+01 5.872911046443899750e+02
1.798534569281107665e+01 2.943989543921159324e+01 5.882260128206065701e+02
1.835349010098678590e+01 2.968410254969398565e+01 5.891200999961324669e+02
1.869214166017846424e+01 3.000260066590262298e+01 5.900013159383175889e+02
1.910955097400576363e+01 3.040837449992410058e+01 5.908079553946080296e+02
1.957607438496260954e+01 3.082792889365465783e+01 5.915834533099213104e+02
2.002976686639075155e+01 3.118294337536224958e+01 5.923971942980722361e+02
2.042006609848428411e+01 3.147007114897759550e+01 5.932641972103550643e+02
2.048247280095097267e+01 3.160671363659120203e+01 5.942093511609816687e+02
2.022639540231065070e+01 3.156263342407378403e+01 5.951708275603342599e+02
1.975262302079107002e+01 3.141646123403277002e+01 5.960136355439054796e+02
1.901757558793243064e+01 3.115297465191602910e+01 5.966095005205312418e+02
1.814937986431565520e+01 3.082468393598360024e+01 5.969603312439518277e+02
1.727467314077600591e+01 3.039923819410030603e+01 5.971660885469630102e+02
1.643114815647319915e+01 2.987739322876563719e+01 5.972386739999850533e+02
1.556496725104911860e+01 2.938451406672972510e+01 5.972163254322383636e+02
1.467346674593559896e+01 2.893878966839091760e+01 5.971616087399303296e+02
1.376272019144461822e+01 2.854198481355543038e+01 5.970739568729881057e+02
1.281451923914483970e+01 2.826177344497692090e+01 5.970994593182106200e+02
1.185471018402728127e+01 2.813219976230281105e+01 5.973158013857437254e+02
1.095371496225944696e+01 2.804903779506450689e+01 5.977215161940079042e+02
1.025988714908020505e+01 2.803204365199265169e+01 5.984051846636540404e+02
9.761184511381408413e+00 2.816124414639077500e+01 5.992539804713014746e+02
9.538485298177002747e+00 2.826886169456505726e+01 6.002011555356108374e+02
9.752271163168311219e+00 2.840781525363746951e+01 6.011350436976387073e+02
1.023077266841286992e+01 2.855331648437487857e+01 6.019955014249118221e+02
1.086506987302460558e+01 2.850063662377148432e+01 6.027468461656575300e+02
1.166818669188091739e+01 2.835635971769514896e+01 6.033069466230882654e+02
1.258488240247149470e+01 2.824152086671962536e+01 6.036731064910200075e+02
1.354471909357892123e+01 2.816206724554147911e+01 6.039334582014556645e+02
1.449739016562401872e+01 2.806739298479093847e+01 6.042143739280979844e+02
1.547208372663162734e+01 2.803667069692967573e+01 6.044083987652269343e+02
1.645233649232523376e+01 2.810220348972367788e+01 6.045802770203104046e+02
1.743185696034958809e+01 2.826097511457326661e+01 6.046486233229366007e+02
1.839413916287213979e+01 2.848024170031199276e+01 6.047792447354523802e+02
1.934729425649846490e+01 2.875881549060476416e+01 6.048544034925728283e+02
2.023439435552944232e+01 2.918324488091856495e+01 6.049879115045092703e+02
2.112550015454590380e+01 2.961351063614915802e+01 6.051128509132440740e+02
2.200579983927903882e+01 3.007672039049359825e+01 6.050947352376742856e+02
2.277027858401611837e+01 3.070751739999710495e+01 6.051078268139127658e+02
2.348258606531760861e+01 3.140497682118351364e+01 6.050768222444078219e+02
2.410602128990981186e+01 3.217542015379545006e+01 6.049772754520045055e+02
2.456821199835740543e+01 3.305294255730780151e+01 6.049854912473688273e+02
2.464811603992148648e+01 3.402401613520545709e+01 6.050805324046534679e+02
2.449556354536936453e+01 3.499767680719570251e+01 6.052233141796536984e+02
2.408237874649642762e+01 3.585700148569236489e+01 6.054830152475190062e+02
2.364352504986006664e+01 3.666537926741362696e+01 6.058674156583225567e+02
