-3.521553874015808105e-01 2.413785552978515625e+01 4.162232971191406250e+02
-1.157532395493749977e+00 2.396844968210824689e+01 4.167907281367120618e+02
-1.962909403585944457e+00 2.379904383443132687e+01 4.173581591542834985e+02
-2.768286411678113623e+00 2.362963798675441396e+01 4.179255901718549353e+02
-3.573663419770308547e+00 2.346023213907750105e+01 4.184930211894263721e+02
-4.379580500261800680e+00 2.329071965200382621e+01 4.190595391222576040e+02
-5.246565809561730909e+00 2.311120750065894924e+01 4.195232804027207294e+02
-6.095882860669262548e+00 2.307856016128621590e+01 4.200492955518662939e+02
-6.895115656963274553e+00 2.306173883468343178e+01 4.206491503783934149e+02
-7.618753219730247217e+00 2.305621715319335507e+01 4.213384375097520547e+02
-8.311182005106260817e+00 2.293456189639538678e+01 4.220486559180041581e+02
-8.938389404166715124e+00 2.272024900413448734e+01 4.227968546533450080e+02
-9.525913906699846834e+00 2.253914789842577093e+01 4.235847179067032471e+02
-1.010134616515906814e+01 2.246408794907539530e+01 4.243984041144186676e+02
-1.059505947204720933e+01 2.241664950167528758e+01 4.252649010758765939e+02
-1.090210073768856525e+01 2.230758310022437740e+01 4.262088842649374101e+02
-1.112097005168180708e+01 2.206106097543982969e+01 4.271524362620697275e+02
-1.138954114631210324e+01 2.185901355404942947e+01 4.280936738887677393e+02
-1.162173780457411532e+01 2.172054745267481479e+01 4.290557708290652954e+02
-1.178191757699053177e+01 2.161342164715672354e+01 4.300362933550310913e+02
-1.188530089386801691e+01 2.142024801407107759e+01 4.310103648547604394e+02
-1.184973566930104560e+01 2.115072321561522628e+01 4.319720518753516103e+02
-1.177771915038392869e+01 2.093119769981231570e+01 4.329434403888744214e+02
-1.184003061067245888e+01 2.073329089937051606e+01 4.339211234394332450e+02
-1.183993918567821524e+01 2.052522749032817373e+01 4.348967266054879133e+02
-1.173760565572572823e+01 2.048306799041403536e+01 4.358877158126132372e+02
-1.167054571304904087e+01 2.060796456773893226e+01 4.368766827116697868e+02
-1.163519299424707576e+01 2.065567069102068487e+01 4.378739656520128847e+02
-1.151269336886057992e+01 2.067602862917666329e+01 4.388655339879245503e+02
-1.134130602199817517e+01 2.071576247411249128e+01 4.398493568532824156e+02
-1.121160362144106415e+01 2.071900437737718903e+01 4.408401117066896404e+02
-1.112957527085413645e+01 2.075187145401799427e+01 4.418343505766135308e+02
-1.095609650829732118e+01 2.086496895196229673e+01 4.428122117731865615e+02
-1.081532013157968564e+01 2.099600477581477520e+01 4.437930544911533843e+02
-1.069570416343971964e+01 2.113364722842022303e+01 4.447752435306472876e+02
-1.052229710183308775e+01 2.133250029604558407e+01 4.457392014760465599e+02
-1.037287556668540311e+01 2.157770576070722868e+01 4.466961438893276863e+02
-1.029674523541847542e+01 2.182111540572487840e+01 4.476623156146265501e+02
-1.022767324016857948e+01 2.201798841181145505e+01 4.486393848948823120e+02
-1.009176280830536321e+01 2.224793392706165207e+01 4.496019346378809018e+02
-9.938591472659753734e+00 2.254591555159559491e+01 4.505435277298849428e+02
-9.744853786699113840e+00 2.283233642417688003e+01 4.514813844884883451e+02
-9.542684670015564308e+00 2.314783136409861797e+01 4.524080201449257288e+02
-9.342653329389600358e+00 2.349910217531475354e+01 4.533221715994004626e+02
-9.155037338715947826e+00 2.388251774212310607e+01 4.542258639997778005e+02
-9.012138072090674967e+00 2.428609489894015283e+01 4.551290096824617990e+02
-8.919130458012425322e+00 2.467826819166760188e+01 4.560426080382212604e+02
-8.896349485626643627e+00 2.499638304666973454e+01 4.569892948596915403e+02
-8.930671982064346537e+00 2.526404683189754863e+01 4.579516636687699815e+02
-8.989681410333981049e+00 2.548545136891176810e+01 4.589238384655291725e+02
-9.043060035248119632e+00 2.564173666510845351e+01 4.599093540112808682e+02
-9.072582237772143898e+00 2.582040825411814922e+01 4.608917656871415147e+02
-9.188024055114068389e+00 2.600576921218226190e+01 4.618665257782056415e+02
-9.368384586051618612e+00 2.622348903706966183e+01 4.628251630446281411e+02
-9.551936991014326139e+00 2.645827086880137102e+01 4.637789649823188256e+02
-9.701584293627014688e+00 2.664778907727025725e+01 4.647487814810071427e+02
-9.850225124805827903e+00 2.680739683233995407e+01 4.657240185465755076e+02
-1.004223747424143198e+01 2.695782282152531550e+01 4.666933042565431720e+02
-1.024676642099287882e+01 2.706492893779022069e+01 4.676655210899274380e+02
-1.046575303266096135e+01 2.712679451892071114e+01 4.686388699933937687e+02
-1.067377996754176550e+01 2.717174804186185710e+01 4.696155266952572447e+02
-1.088815597979787420e+01 2.717857550235098429e+01 4.705913833270842588e+02
-1.107832194419043503e+01 2.712249586329553352e+01 4.715704601252163002e+02
-1.122250583444486871e+01 2.703393952101164288e+01 4.725556699059865196e+02
-1.138385387548400907e+01 2.693750085615532441e+01 4.735373806278336133e+02
-1.157024437789038096e+01 2.682691895296473561e+01 4.745132096596083784e+02
-1.176181891903766008e+01 2.671191408153174152e+01 4.754874858833630356e+02
-1.190564291569843647e+01 2.658031485352044854e+01 4.764661671917019135e+02
-1.198128629127225686e+01 2.638575809735664279e+01 4.774437384547701413e+02
-1.207192511405226831e+01 2.618820537341454724e+01 4.784192401276367832e+02
-1.217610866571683381e+01 2.598784499268041870e+01 4.793922432508623501e+02
-1.222984541209882714e+01 2.572915968794678321e+01 4.803553130396220467e+02
-1.217205030515121322e+01 2.547917256453640888e+01 4.813187672690084469e+02
-1.200769384589095701e+01 2.529281453061364004e+01 4.822862312231450801e+02
-1.185102803813943062e+01 2.517549104544146843e+01 4.832654860700807262e+02
-1.177323885318256025e+01 2.512812287651703258e+01 4.842589682280676584e+02
-1.173443676365419996e+01 2.519165867101347800e+01 4.852545045034157738e+02
-1.168056288040476254e+01 2.534044353043740827e+01 4.862412870923072887e+02
-1.165337695601197154e+01 2.555623682032490862e+01 4.872152302511621542e+02
-1.169061420483618896e+01 2.582410208961233167e+01 4.881768917746103398e+02
-1.177672501280704687e+01 2.603090223238410061e+01 4.891499269269247634e+02
-1.186457813461821154e+01 2.615777121081822187e+01 4.901372290982891968e+02
-1.194062446776129072e+01 2.621780320858202629e+01 4.911310435637442424e+02
-1.203307560515024477e+01 2.620027886998704147e+01 4.921259935392338321e+02
-1.214184552962083075e+01 2.615851490985672001e+01 4.931188220245532534e+02
-1.229648138989111139e+01 2.611083707296380041e+01 4.941037300742590901e+02
-1.254097341684271072e+01 2.600587620576561676e+01 4.950655085882091839e+02
-1.277592481798857449e+01 2.582405230701534649e+01 4.960182968412919990e+02
-1.294724989467939658e+01 2.561723268154177902e+01 4.969811612989240075e+02
-1.309567450002913702e+01 2.535715231479462517e+01 4.979327929817501968e+02
-1.315497625574318263e+01 2.503972855666205888e+01 4.988770075897261904e+02
-1.309592265454160476e+01 2.467767809794944966e+01 4.998024363122450495e+02
-1.294318677215799873e+01 2.422461160829905324e+01 5.006795791448522550e+02
-1.284611018930350568e+01 2.379223809296384573e+01 5.015689871100070150e+02
-1.284366167131613778e+01 2.333540854684593313e+01 5.024538270748557238e+02
-1.275528853771667137e+01 2.275314896495679307e+01 5.032554788948028772e+02
-1.256520743148952945e+01 2.213569771890417570e+01 5.040179366233762721e+02
-1.228796832200151101e+01 2.154931825086055142e+01 5.047754849427398085e+02
-1.193694439662146500e+01 2.098219386463790315e+01 5.055200373643946250e+02
-1.156990653244454670e+01 2.041265643408809893e+01 5.062549817095114690e+02
-1.115798959294069981e+01 1.983603869603575021e+01 5.069585648412188448e+02
-1.068076843667548559e+01 1.925610469610704456e+01 5.076174353156576444e+02
-1.013706795551342843e+01 1.866688942456883282e+01 5.082114357191723570e+02
-9.543995451234032146e+00 1.808747319322630176e+01 5.087693025632511876e+02
-8.957722251055745488e+00 1.761624009924990375e+01 5.094176591692341276e+02
-8.374504423428469124e+00 1.722530738453846055e+01 5.101290707356131975e+02
-7.783478857049788147e+00 1.672699849553570317e+01 5.107505862688441312e+02
-7.183317832063583985e+00 1.614570429368557924e+01 5.112992508890170598e+02
-6.644030231942622322e+00 1.558737927236004062e+01 5.119225166775200933e+02
-6.133605394936419763e+00 1.500025712293798996e+01 5.125474843034754713e+02
-5.473732251164610041e+00 1.454008136797040507e+01 5.131198408865642477e+02
-4.774451850177534595e+00 1.417621396330557992e+01 5.137327062951806056e+02
-4.238649819156933951e+00 1.375052041751225573e+01 5.144502978417704071e+02
-3.850462825657089638e+00 1.332716097308350456e+01 5.152652790424021987e+02
-3.589348985028401717e+00 1.298745598501208320e+01 5.161643952602130412e+02
-3.395603105163884194e+00 1.260190137733382976e+01 5.170642253154049968e+02
-3.358006092259105735e+00 1.218550892003212560e+01 5.179667574152666703e+02
-3.510130557485566349e+00 1.183909412909517478e+01 5.188874933108104415e+02
-3.680778194540314185e+00 1.164884451703263757e+01 5.198500725766649566e+02
-3.950408667196825263e+00 1.147430514952132796e+01 5.207937108332054095e+02
-4.290217293772887963e+00 1.124891442902015193e+01 5.217059015383890710e+02
-4.781291177684948934e+00 1.100007344380970942e+01 5.225347334599254054e+02
-5.334165434550886431e+00 1.082474527178864143e+01 5.233476035361684353e+02
-5.723781413967111042e+00 1.079162815170084677e+01 5.242591467641767622e+02
-6.165368766589782723e+00 1.084731893016240889e+01 5.251515487844326344e+02
-6.743926522994054373e+00 1.095673321814508760e+01 5.259562375903740303e+02
-7.317607304530724832e+00 1.103551879228253441e+01 5.267704354900523640e+02
-7.850247781859225782e+00 1.115746518486264094e+01 5.276068457329881767e+02
-8.309055723233859325e+00 1.139943912079394117e+01 5.284589735967539355e+02
-8.733344619454994628e+00 1.166492401499044895e+01 5.293242469739341232e+02
-9.271322872131316117e+00 1.180687842155128919e+01 5.301502668187774816e+02
-9.989951906413153893e+00 1.193249427354730940e+01 5.308262580646371589e+02
-1.046275818019627124e+01 1.201173043932192286e+01 5.316869445950813997e+02
-1.090936311808740378e+01 1.214904774135160714e+01 5.325698626977764434e+02
-1.135538200957773469e+01 1.238327132870180947e+01 5.334324650405940247e+02
-1.178689877192192803e+01 1.262604184916965089e+01 5.343008563368172190e+02
-1.218249276957372729e+01 1.290381811127650735e+01 5.351756028953093391e+02
-1.257196394542642182e+01 1.316456515062496102e+01 5.360585044697921830e+02
-1.287562237072977034e+01 1.341156826979752026e+01 5.369774864009227713e+02
-1.323031320296585456e+01 1.366748072080688026e+01 5.378758752274419521e+02
-1.368231362299187559e+01 1.403679054289321115e+01 5.386847409597805836e+02
-1.416854577556729566e+01 1.444493361057722858e+01 5.394568148802463838e+02
-1.461357541055708786e+01 1.482900152549324346e+01 5.402649936686922274e+02
-1.506747944240428083e+01 1.512035503931497971e+01 5.411059435081613174e+02
-1.536767720966009421e+01 1.536759542366325348e+01 5.420247535193270778e+02
-1.543077268682677250e+01 1.545652435822923998e+01 5.430140916423437147e+02
-1.523571317752545795e+01 1.532370393961343602e+01 5.439804314214028409e+02
-1.486526438133623707e+01 1.517100754910634564e+01 5.448950837488505385e+02
-1.427154032703662878e+01 1.500978329562905600e+01 5.456802093146395691e+02
-1.364808794057545960e+01 1.477606273836485862e+01 5.464256065471417969e+02
-1.300387942768175797e+01 1.450088589430286845e+01 5.471386594439509281e+02
-1.220692137887669482e+01 1.421866768640074596e+01 5.476697962134874160e+02
-1.149133192298297246e+01 1.391172385107970122e+01 5.482961281306414776e+02
-1.072146786105233573e+01 1.349962526017515430e+01 5.487815116494058429e+02
-9.940133706674121328e+00 1.308521809493973898e+01 5.492474343521541869e+02
-9.181806232152718295e+00 1.262917158214483315e+01 5.497124296995565373e+02
-8.492373154133526114e+00 1.208913286381719132e+01 5.501943273985831411e+02
-7.879580159759682623e+00 1.150615280648103678e+01 5.507270883576766209e+02
-7.214631926527760974e+00 1.090227019101805084e+01 5.511657947303369838e+02
-6.561003470169336715e+00 1.031226602306023388e+01 5.516390041817967358e+02
-5.931288964126837371e+00 9.678236533700482980e+00 5.520866954220723528e+02
-5.402759670487162325e+00 8.996056572919101768e+00 5.525912500184542751e+02
-4.859174231310754877e+00 8.315196823399626069e+00 5.530805524064712699e+02
-4.417047123649994411e+00 7.645122905304993388e+00 5.536755847836533349e+02
-4.026671023739452515e+00 6.884160290271648108e+00 5.541924421804203575e+02
-3.729220423037447052e+00 6.130564477537411960e+00 5.547768199251538590e+02
-3.415129995496025916e+00 5.483405356533745056e+00 5.554709616145277096e+02
-3.092585954969105266e+00 4.832118541633511732e+00 5.561572366876939668e+02
-2.766088591630305960e+00 4.155681928300794858e+00 5.568161652382940474e+02
-2.343710368323331128e+00 3.538226371168185835e+00 5.574789866075140026e+02
-1.877860585067625987e+00 2.958194994787912258e+00 5.581462354314647882e+02
-1.466252120013192828e+00 2.405008282142887754e+00 5.588690064699604818e+02
-9.769525787714677945e-01 1.946454888552306972e+00 5.596103010348213047e+02
-4.817390947611621121e-01 1.477229279405704920e+00 5.603393797260853262e+02
-9.043081958184445712e-02 1.056459077051240980e+00 5.611542790434721155e+02
4.037372555210435587e-01 8.315493934040543156e-01 5.619916305121803362e+02
1.018288492906791687e+00 7.090768660439059623e-01 5.627697021951752276e+02
1.621113102753872770e+00 6.993112716268065077e-01 5.635655824074968905e+02
2.186437711050452037e+00 8.288576602404633675e-01 5.643786309266798753e+02
2.681525948514738467e+00 1.037883521834978673e+00 5.652209006547155923e+02
3.223580121473860860e+00 1.296269527293201440e+00 5.660196324423754959e+02
3.669525591628742145e+00 1.612528253199716710e+00 5.668477850714956503e+02
3.815011637268847622e+00 2.041352427062433694e+00 5.677355678607900700e+02
3.750417600293380893e+00 2.566956950920483482e+00 5.685747604034188498e+02
3.405161381912844121e+00 3.121295376805596877e+00 5.693271641252849804e+02
2.907451045798586264e+00 3.529971767924754200e+00 5.700886212689035801e+02
2.282793596268375413e+00 3.896759875613639235e+00 5.707591290709972327e+02
1.562218113158731381e+00 4.454482673891623890e+00 5.711655603976063276e+02
7.861082494212637828e-01 5.009494250705385454e+00 5.714637280815039730e+02
-2.447706111644770699e-03 5.555474901558300260e+00 5.717425899362306154e+02
-8.330776603639512556e-01 6.071064950724310627e+00 5.719443569667358815e+02
-1.726587460507178040e+00 6.480540530643319919e+00 5.721193499020927220e+02
-2.659977441277296961e+00 6.807353438598670259e+00 5.722589914317323974e+02
-3.601430937514288555e+00 7.138200455053596905e+00 5.723165754216167898e+02
-4.547867214964235849e+00 7.439668608341814426e+00 5.723943679503687463e+02
-5.495165609412870467e+00 7.689306319922707189e+00 5.725925493215031565e+02
-6.444127174953390380e+00 7.922244135055142245e+00 5.727897688901950914e+02
-7.393067611144651607e+00 8.076007662337902460e+00 5.730584182335018113e+02
-8.310331556423996346e+00 8.320543665112040799e+00 5.733695427226524544e+02
-9.192244826837166372e+00 8.569640258683911327e+00 5.737650962729422872e+02
-1.002433738960888299e+01 8.797039102593632975e+00 5.742676391981963206e+02
-1.077998314972393956e+01 9.052571960118617866e+00 5.748655482279515354e+02
-1.144442235696025278e+01 9.317649212242777423e+00 5.755578258950581585e+02
-1.207772248434603313e+01 9.488403333647585924e+00 5.763112044201624258e+02
-1.268589246004114379e+01 9.680611012510020430e+00 5.770764444337082750e+02
-1.319319447958150171e+01 9.822725367968430987e+00 5.779235109423915446e+02
-1.359584873025553264e+01 1.001134252320562901e+01 5.788166610052369379e+02
-1.388485562606421553e+01 1.013919965193716877e+01 5.797622832559681001e+02
-1.408722022800393781e+01 1.025099089903492455e+01 5.807323579172095833e+02
-1.421423714545865380e+01 1.042584514704892484e+01 5.817046959949236680e+02
-1.419089558594858858e+01 1.052185293961323254e+01 5.826966943636176666e+02
-1.409658168101775644e+01 1.062296225854923648e+01 5.836847636055275643e+02
-1.403173889016513876e+01 1.072527589475888021e+01 5.846724345339031288e+02
-1.396654210779671068e+01 1.060877443076361182e+01 5.856553055161695056e+02
-1.390450402647173966e+01 1.029676912135174049e+01 5.866010372250818818e+02
-1.396083370532951662e+01 9.896639189223304101e+00 5.874936277870250478e+02
-1.433734672146673894e+01 9.408171744954838545e+00 5.882673966633363989e+02
-1.478285761823244826e+01 8.844787608201851725e+00 5.889603367991990126e+02
-1.528308643453312854e+01 8.393768223046251364e+00 5.896742799165040196e+02
-1.595805673327120111e+01 8.304304597903000129e+00 5.903732998174531303e+02
-1.662177431002395878e+01 8.569806107638825665e+00 5.910586427140530077e+02
-1.728911094841172158e+01 8.993538020103962083e+00 5.916652040510774668e+02
-1.785666988273662525e+01 9.652678720490312614e+00 5.920639398242107063e+02
-1.823558614042253723e+01 1.055414145265724102e+01 5.922540856546806936e+02
-1.828375513019153331e+01 1.149950329993867193e+01 5.924436476959147058e+02
-1.798615665392841123e+01 1.230337425766942872e+01 5.928957171155597052e+02
-1.760501456158445421e+01 1.299874097069874068e+01 5.935043978773151139e+02
-1.724938977912582416e+01 1.365156457420155967e+01 5.941702882286157319e+02
-1.681792853235720031e+01 1.409419777191460277e+01 5.949380342627813434e+02
-1.621204976574123080e+01 1.401213903105371195e+01 5.956577715181709891e+02
-1.563037954910294758e+01 1.337145516786064903e+01 5.960572149662081074e+02
-1.504261074522323050e+01 1.264919402530161285e+01 5.964109041878831476e+02
-1.437011558426584479e+01 1.201485259488485546e+01 5.967871750641761537e+02
-1.358482262975618582e+01 1.145840838697966824e+01 5.970373373773227286e+02
-1.276798441909586224e+01 1.089283533021039929e+01 5.971022273857480513e+02
-1.192787424101734217e+01 1.037465607869130402e+01 5.972332393032155551e+02
-1.102369047501826671e+01 9.966801278305153389e+00 5.973245079042117140e+02
-1.005950059370995042e+01 9.720896477982108763e+00 5.973053609050523391e+02
-9.072164228588828649e+00 9.570136059428147490e+00 5.972772678754984099e+02
-8.085422318738004321e+00 9.521134548144090104e+00 5.971478618208499256e+02
-7.111253506196543839e+00 9.693589144384020528e+00 5.970681231621913412e+02
