episodes 138555 features 78 PCA var explained 0.917
k=4 silhouette=0.591 sizes=[113936, 8964, 9017, 6638]
0        53694  1.00  0.00   0.00       0.00       0.00   86.0      0.98        0.98       4.96             7.9          18.09         0.20       0.04       2.0         10.85        7.0             3.29       10.0   0.0       0.0        0.00               -1.00       -1.0      -1.0            1.42    5.70
1        40396  1.00  0.00   0.00       0.00       0.01   71.0      0.98        0.98       4.75             7.5           9.09         0.00       0.00       0.0          2.92        3.0             1.70        4.0   0.0       0.0        0.00               -1.00        0.0       0.0            1.32    5.68
2        12300  0.99  0.00   0.55       0.05       0.01   37.0      0.98        0.98      -0.70             8.3          64.82         0.00       0.00       0.0         10.86        3.0             5.76        4.0   0.0       0.0        0.00               -1.00        0.0       0.0            1.32    5.75
3         7546  0.98  0.03   0.08       0.96       0.26  140.0      0.98        0.98      13.47             9.0          22.42        12.40       0.33       4.0         51.87       18.0             8.83       30.0   1.0       0.0        2.39                0.82        0.0       0.0            1.77    5.77
4         2535  0.81  0.34   0.15       0.96       0.37  216.0      0.98        0.98      39.09            30.0          27.34        20.40       0.55       6.0        105.26       33.0            12.09       52.0   2.0       0.0        7.44                0.94        0.0       0.0            2.14    5.75
5         3060  0.32  0.38   0.72       0.77       0.26  600.0      0.89        0.82       5.84            22.7         124.78        69.90       0.84       6.0        419.53      111.0            19.65      184.0   2.0       1.0       23.93                0.56        0.0       0.0            2.89    5.88
6         1948  0.26  0.49   0.27       0.58       0.25  600.0      0.95        0.93      49.93            31.8          60.45        45.50       0.84       8.0        430.80      118.0            20.41      197.0   1.0       1.0       25.34                0.21        0.0       0.0            2.72    5.90
7         4549  0.14  0.05   0.40       0.97       0.14  600.0      0.49        0.43       9.35             7.8          43.22       214.10       0.88       5.0        562.04      145.0            16.49      254.0   5.0       1.0       20.19                0.83        0.0       8.0            8.51    6.78
8         2155  0.07  1.00   0.70       0.49       0.07  600.0      0.83        0.72     639.79           718.7         142.14        67.90       0.90      41.0        319.68       79.0            20.87      135.0   1.0       1.0        0.54               -1.00        0.0       0.0            2.76    5.91
9         5904  0.01  0.00   1.00       0.27       0.00  600.0      0.71        0.67      -0.90             8.5         899.25        52.40       0.92       4.0         86.90       18.0            16.48       27.0   1.0       1.0        2.16               -1.00        0.0       0.0            2.51    5.75
10        4468  0.00  0.03   0.11       0.74       0.00  600.0      0.19        0.10       7.85             6.9          28.68       235.45       0.95       4.0        578.11      146.0            15.47      253.0   3.0       1.0       17.49                0.33        0.0       7.5           27.40    6.06
