=== R1 cluster glossary ===
             n  succ  coil  shove  recovered  long_succ  steps  prog_max  slack_max  cath_lead_max  giveback_mm  withdrawn_mm  ret_bouts  ev_n  ev_unrec  tip_tortuosity                      name
cluster                                                                                                                                                                                           
0        53694  1.00  0.00   0.00       0.00       0.00   86.0      0.98       4.96          18.09         0.20         10.85        7.0   0.0       0.0            1.42           0:clean-success
1        40396  1.00  0.00   0.00       0.00       0.01   71.0      0.98       4.75           9.09         0.00          2.92        3.0   0.0       0.0            1.32      1:clean-fast-success
2        12300  0.99  0.00   0.55       0.05       0.01   37.0      0.98      -0.70          64.82         0.00         10.86        3.0   0.0       0.0            1.32  2:cathled-sprint-success
3         7546  0.98  0.03   0.08       0.96       0.26  140.0      0.98      13.47          22.42        12.40         51.87       18.0   1.0       0.0            1.77  3:light-recovery-success
4         2535  0.81  0.34   0.15       0.96       0.37  216.0      0.98      39.09          27.34        20.40        105.26       33.0   2.0       0.0            2.14   4:deep-recovery-success
5         3060  0.32  0.38   0.72       0.77       0.26  600.0      0.89       5.84         124.78        69.90        419.53      111.0   2.0       1.0            2.89             5:shove-fight
6         1948  0.26  0.49   0.27       0.58       0.25  600.0      0.95      49.93          60.45        45.50        430.80      118.0   1.0       1.0            2.72       6:near-buckle-fight
7         4549  0.14  0.05   0.40       0.97       0.14  600.0      0.49       9.35          43.22       214.10        562.04      145.0   5.0       1.0            8.51          7:midpath-thrash
8         2155  0.07  1.00   0.70       0.49       0.07  600.0      0.83     639.79         142.14        67.90        319.68       79.0   1.0       1.0            2.76               8:mega-coil
9         5904  0.01  0.00   1.00       0.27       0.00  600.0      0.71      -0.90         899.25        52.40         86.90       18.0   1.0       1.0            2.51               9:shove-cap
10        4468  0.00  0.03   0.11       0.74       0.00  600.0      0.19       7.85          28.68       235.45        578.11      146.0   3.0       1.0           27.40        10:proximal-thrash
=== R2 cluster composition by run x kind (% of episodes) ===
cname                                                         n  succ%  0:clean-success  1:clean-fast-success  2:cathled-sprint-success  3:light-recovery-success  4:deep-recovery-success  5:shove-fight  6:near-buckle-fight  7:midpath-thrash  8:mega-coil  9:shove-cap  10:proximal-thrash
tag                                              kind                                                                                                                                                                                                                                         
car_nopriv                                       explore   6477   86.3             37.0                  24.6                       1.3                      15.9                      4.7            8.5                  2.1               3.7          1.2          0.4                 0.5
                                                 val        490   65.9              4.5                  44.1                       3.1                       6.9                      4.1           15.1                  2.2               7.3          1.2          5.3                 6.1
car_v3                                           explore   8628   82.4             33.6                   7.8                       4.8                      22.5                      6.2            5.6                  1.9              10.7          0.4          0.2                 6.3
                                                 val        686   83.5             27.6                  21.1                       4.5                      14.1                      4.5            2.6                  3.6              16.0          2.0          0.0                 3.8
car_v3a                                          explore   1497   51.6             14.1                   4.5                       6.3                      20.6                      5.7            9.9                  2.1              10.2          3.3          6.9                16.4
                                                 val        294   66.7             14.3                  13.6                       2.0                      36.4                      6.1            6.1                  5.4               5.8          2.4          0.0                 7.8
harvest_v3c                                      explore    480    5.4              0.0                   0.0                       0.2                       1.7                      1.9            6.5                  0.2              71.5          0.0          0.0                18.1
host_p2_teacher_v1bp_ck0_20260901_191552         host        98    9.2              0.0                   1.0                       0.0                       4.1                      6.1           15.3                  0.0              50.0          0.0          0.0                23.5
host_p2_teacher_v1bp_ck0_20260901_215303         host        98    0.0              0.0                   0.0                       0.0                       0.0                      5.1           10.2                  0.0              38.8          1.0          0.0                44.9
host_tbv1r1_ck256370                             host        82   45.1              0.0                  31.7                       0.0                       7.3                      3.7           29.3                 15.9               0.0          9.8          0.0                 2.4
host_tbv1r1_ck505230                             host        82   63.4              0.0                  43.9                       0.0                       1.2                      4.9            3.7                  7.3               0.0         39.0          0.0                 0.0
host_topbrain_v1_best_checkpoint_20260831_152449 host        98   59.2              1.0                  22.4                       0.0                       9.2                     12.2           38.8                 14.3               1.0          0.0          1.0                 0.0
host_topbrain_v1_ck0_20260831_160901             host        98    2.0              0.0                   0.0                       0.0                       1.0                     11.2            0.0                  1.0              53.1          1.0          0.0                32.7
host_topbrain_v1_ck0_20260901_203431             host        98    1.0              0.0                   0.0                       0.0                       1.0                      4.1            8.2                  4.1              38.8          0.0          0.0                43.9
host_topbrain_v1_ck1010053_20260831_112349       host        98   75.5              5.1                  51.0                       0.0                      13.3                      3.1            1.0                  3.1               5.1          8.2          0.0                10.2
host_topbrain_v1_ck1251464_20260831_115629       host        98   35.7              8.2                   5.1                       8.2                       4.1                      4.1           17.3                 17.3               1.0         29.6          0.0                 5.1
host_topbrain_v1_ck1507175_20260831_041305       host         4  100.0              0.0                  50.0                       0.0                      25.0                      0.0            0.0                 25.0               0.0          0.0          0.0                 0.0
host_topbrain_v1_ck1507175_20260831_041711       host        96   65.6             12.5                  27.1                       2.1                       9.4                      2.1            7.3                  3.1               2.1         34.4          0.0                 0.0
host_topbrain_v1_ck1507175_20260831_070513       host        98   68.4              6.1                  29.6                       0.0                      14.3                      3.1           13.3                  2.0               0.0         30.6          0.0                 1.0
host_topbrain_v1_ck253934_20260831_070127        host         2  100.0              0.0                 100.0                       0.0                       0.0                      0.0            0.0                  0.0               0.0          0.0          0.0                 0.0
host_topbrain_v1_ck253934_20260831_094716        host        98   57.1              0.0                  21.4                       0.0                       6.1                      5.1           51.0                 13.3               0.0          3.1          0.0                 0.0
host_topbrain_v1_ck506469_20260831_105211        host        98   76.5              1.0                  64.3                       0.0                       7.1                      6.1            2.0                 13.3               0.0          6.1          0.0                 0.0
host_topbrain_v1_ck756995_20260831_070128        host        13  100.0             23.1                   7.7                       0.0                      69.2                      0.0            0.0                  0.0               0.0          0.0          0.0                 0.0
host_topbrain_v1_ck756995_20260831_081835        host        97   90.7             26.8                  17.5                       1.0                      41.2                      1.0            3.1                  0.0               0.0          9.3          0.0                 0.0
host_topbrain_v1_ck756995_20260831_091525        host        98   87.8             24.5                  12.2                       0.0                      45.9                      2.0            3.1                  0.0               0.0         10.2          1.0                 1.0
host_topbrain_v2_best_checkpoint_20260908_073801 host        98   74.5              1.0                  41.8                       0.0                       8.2                      9.2            9.2                 26.5               3.1          1.0          0.0                 0.0
host_topbrain_v2_ck1002078_20260907_214914       host        98   49.0              0.0                  18.4                       0.0                       1.0                      4.1           13.3                 57.1               1.0          5.1          0.0                 0.0
host_topbrain_v2_ck1255725_20260908_000610       host        98   67.3              0.0                  48.0                       0.0                       1.0                      2.0            4.1                 16.3               1.0         27.6          0.0                 0.0
host_topbrain_v2_ck1501133_20260907_080200       host        97   72.2              3.1                  62.9                       0.0                       0.0                      2.1            4.1                  4.1               0.0         22.7          0.0                 1.0
host_topbrain_v2_ck1501133_20260907_110849       host        87   55.2              0.0                  51.7                       0.0                       0.0                      0.0            6.9                  6.9               0.0         32.2          2.3                 0.0
host_topbrain_v2_ck1501133_20260908_015543       host        98   36.7              0.0                  18.4                       0.0                       1.0                      2.0           11.2                 11.2               0.0         54.1          1.0                 1.0
host_topbrain_v2_ck1751101_20260908_041631       host        98   72.4              1.0                  34.7                       0.0                       4.1                      3.1           11.2                 12.2               1.0         31.6          1.0                 0.0
host_topbrain_v2_ck2001807_20260908_054146       host        98   62.2              0.0                  33.7                       0.0                       7.1                      7.1           11.2                 23.5               2.0         13.3          1.0                 1.0
host_topbrain_v2_ck257466_20260907_183918        host        98   67.3              7.1                  52.0                       0.0                       4.1                      1.0            4.1                  3.1               0.0         26.5          2.0                 0.0
host_topbrain_v2_ck503474_20260907_193336        host        98   51.0              1.0                  15.3                       0.0                       0.0                      0.0            0.0                 13.3               0.0         70.4          0.0                 0.0
host_topbrain_v2_ck755233_20260907_053657        host        98   58.2              1.0                  49.0                       0.0                       2.0                      0.0            3.1                  3.1               1.0         40.8          0.0                 0.0
host_topbrain_v2_ck755233_20260907_205504        host        98   60.2              2.0                  51.0                       0.0                       1.0                      1.0            2.0                  4.1               2.0         33.7          3.1                 0.0
host_topbrain_v3_ck1002606_20260908_163751       host        98   86.7              2.0                  64.3                       0.0                       6.1                      3.1            5.1                 11.2               2.0          4.1          0.0                 2.0
host_topbrain_v3_ck1256323_20260908_165015       host        98   91.8              4.1                  42.9                       0.0                      10.2                      4.1           28.6                  5.1               1.0          4.1          0.0                 0.0
host_topbrain_v3_ck1502006_20260908_173514       host        98   79.6              4.1                  43.9                       2.0                       6.1                      5.1            7.1                 17.3               0.0         13.3          0.0                 1.0
host_topbrain_v3_ck1752049_20260908_184204       host        97   79.4              2.1                  50.5                       1.0                       3.1                      8.2            7.2                 14.4               0.0         13.4          0.0                 0.0
host_topbrain_v3_ck1752049_20260908_203358       host        72   75.0              2.8                  45.8                       0.0                       2.8                     18.1            1.4                 19.4               0.0          2.8          0.0                 6.9
host_topbrain_v3_ck256854_20260908_160020        host        98   99.0              3.1                  82.7                       0.0                       1.0                      7.1            3.1                  3.1               0.0          0.0          0.0                 0.0
host_topbrain_v3_ck504695_20260908_160801        host        98   94.9              4.1                  78.6                       1.0                       7.1                      3.1            1.0                  1.0               0.0          1.0          3.1                 0.0
host_topbrain_v3_ck756872_20260908_161717        host        98   81.6              8.2                  62.2                       0.0                       3.1                      1.0           12.2                  7.1               1.0          3.1          0.0                 2.0
host_v1bp_H0                                     host        82   29.3              0.0                  30.5                       0.0                       2.4                     15.9            0.0                  0.0               3.7         29.3          0.0                18.3
host_v1bp_ck2002292                              host        82   74.4              6.1                   6.1                      35.4                      13.4                      1.2           20.7                  4.9               7.3          4.9          0.0                 0.0
host_v1bp_ck514264                               host        82   69.5             15.9                   0.0                      18.3                       7.3                      6.1           25.6                 23.2               0.0          2.4          1.2                 0.0
tb22_v1bp_ck2002292                              host       204   74.5              2.9                   0.5                      48.5                      12.3                      2.0           13.7                  2.5               3.9          4.4          1.5                 7.8
tb_repl                                          explore   7879   96.6             61.8                  26.5                       1.0                       5.5                      1.5            1.6                  0.8               0.6          0.1          0.0                 0.6
                                                 val        392   91.1              9.2                  75.0                       0.0                       6.9                      0.5            0.0                  0.8               0.0          0.3          0.0                 7.4
tb_v1r1                                          explore   5822   98.7             37.6                  53.7                       1.0                       5.2                      1.2            0.2                  0.4               0.3          0.1          0.0                 0.3
                                                 val        294   90.5              2.7                  78.9                       0.0                      10.2                      0.3            0.0                  0.7               0.0          0.3          0.0                 6.8
tb_v1r2                                          explore  47486   98.1             72.5                  18.7                       0.1                       4.5                      1.7            0.3                  1.8               0.1          0.3          0.0                 0.0
                                                 val       1936   97.0             22.6                  69.7                       0.0                       2.6                      1.5            0.2                  0.9               0.1          0.3          0.0                 2.2
tb_v2                                            explore  25781   99.7             22.0                  75.6                       0.2                       1.5                      0.3            0.0                  0.1               0.1          0.0          0.0                 0.1
                                                 val        882   98.3              1.6                  94.2                       0.0                       2.4                      0.1            0.0                  0.7               0.0          0.6          0.0                 0.5
v3a                                              explore   9975   47.1              0.1                   0.1                      45.6                       0.4                      0.1            1.6                  0.1               0.7          0.6         50.6                 0.2
                                                 val       1369   50.2              0.0                   0.0                      50.3                       0.0                      0.1            0.1                  0.2               0.0          0.7         48.3                 0.1
v3c                                              explore   1209   52.0              0.3                   0.3                      37.4                       7.5                      7.5            6.0                  0.8              16.5         20.8          0.0                 2.8
                                                 val        196   45.9              0.5                   0.0                      65.3                       0.0                      2.6            0.0                  0.0               1.5         12.8          1.0                16.3
v3c2                                             explore   9495   46.6              1.1                   0.9                      41.5                       1.5                      1.3            1.0                  0.5              19.2          8.3          0.0                24.6
                                                 val       1274   44.8              0.6                   0.0                      44.4                       0.0                      0.2            2.2                  0.2               1.1          4.8          0.5                46.0
v3c3                                             explore   1894   47.9              0.4                   0.5                      42.2                       3.5                      1.7           33.0                  5.0              12.0          0.5          0.0                 1.1
                                                 val        294   44.2              0.0                   0.0                      48.6                       0.0                      0.3           18.7                  2.0              12.2          0.0          0.0                18.0
=== R3 failure composition by run (explore failures only, % of failures) ===
cname        n_fail  final_eval%  0:clean-success  1:clean-fast-success  2:cathled-sprint-success  3:light-recovery-success  4:deep-recovery-success  5:shove-fight  6:near-buckle-fight  7:midpath-thrash  8:mega-coil  9:shove-cap  10:proximal-thrash
tag                                                                                                                                                                                                                                                     
v3c2           5068         27.6              0.0                   0.0                       0.0                       0.0                      1.3            1.6                  1.0              34.9         15.1          0.0                46.1
v3a            5276         50.5              0.0                   0.0                       0.0                       0.0                      0.2            2.2                  0.2               1.0          1.0         95.1                 0.4
v3c3            986         53.1              0.0                   0.0                       0.0                       0.1                      3.1           63.1                  9.6              21.1          0.9          0.0                 2.0
v3c             580         62.2              0.0                   0.0                       0.0                       0.0                      9.7           10.9                  1.6              30.5         41.6          0.0                 5.9
car_v3a         724         67.3              0.0                   0.0                       0.0                       3.3                      4.1           13.8                  4.0              20.0          6.6         14.2                33.8
car_nopriv      885         91.8              0.0                   0.0                       0.0                       2.5                      6.7           40.1                 11.4              24.9          8.2          2.7                 3.5
car_v3         1519         98.0              0.0                   0.0                       0.0                       0.6                      5.8           13.4                  7.3              34.2          2.1          0.9                35.7
tb_v2            80         99.0              0.0                   0.0                       0.0                      10.0                     10.0            2.5                 12.5              37.5          5.0          0.0                22.5
tb_v1r1          75         99.0              0.0                   0.0                       0.0                      14.7                     14.7            6.7                 14.7              21.3          5.3          0.0                22.7
tb_repl         269        100.0              0.0                   0.0                       0.0                       4.1                      3.7           38.3                 17.8              17.5          1.9          0.0                16.7
tb_v1r2         919        100.0              0.0                   0.0                       0.0                       2.3                      2.5            5.4                 71.1               2.5         14.3          0.0                 2.0
harvest_v3c     454          NaN              0.0                   0.0                       0.0                       0.0                      2.0            5.1                  0.2              73.6          0.0          0.0                19.2
=== R4 success composition by run (explore successes, % of successes) ===
cname        n_succ  final_eval%  0:clean-success  1:clean-fast-success  2:cathled-sprint-success  3:light-recovery-success  4:deep-recovery-success  5:shove-fight  6:near-buckle-fight  7:midpath-thrash  8:mega-coil  9:shove-cap  10:proximal-thrash  succ>=200  succ<120
tag                                                                                                                                                                                                                                                                          
v3c2           4427         27.6              2.3                   2.0                      89.0                       3.2                      1.3            0.3                  0.0               1.3          0.5          0.0                 0.0        2.9      94.5
v3a            4699         50.5              0.1                   0.1                      96.9                       0.8                      0.1            0.9                  0.0               0.3          0.0          0.7                 0.0        1.4      97.4
v3c3            908         53.1              0.9                   1.1                      88.1                       7.2                      0.2            0.3                  0.0               2.2          0.0          0.0                 0.0        5.1      90.3
v3c             629         62.2              0.6                   0.6                      71.9                      14.5                      5.6            1.4                  0.2               3.5          1.7          0.0                 0.0       14.8      76.2
car_v3a         773         67.3             27.3                   8.8                      12.3                      36.9                      7.1            6.2                  0.3               0.9          0.1          0.1                 0.0       30.8      43.7
car_nopriv     5592         91.8             42.9                  28.5                       1.5                      18.0                      4.4            3.5                  0.6               0.4          0.1          0.0                 0.0       11.0      75.3
car_v3         7109         98.0             40.8                   9.5                       5.8                      27.2                      6.2            3.9                  0.8               5.7          0.0          0.0                 0.0       20.8      58.7
tb_v2         25701         99.0             22.1                  75.9                       0.2                       1.5                      0.3            0.0                  0.1               0.0          0.0          0.0                 0.0        0.8      98.2
tb_v1r1        5747         99.0             38.1                  54.4                       1.0                       5.1                      1.0            0.1                  0.3               0.0          0.0          0.0                 0.0        3.6      94.0
tb_repl        7610        100.0             64.0                  27.4                       1.0                       5.6                      1.5            0.3                  0.2               0.0          0.0          0.0                 0.0        3.5      91.7
tb_v1r2       46567        100.0             73.9                  19.1                       0.1                       4.6                      1.6            0.2                  0.5               0.0          0.0          0.0                 0.0        1.8      92.9
harvest_v3c      26          NaN              0.0                   0.0                       3.8                      30.8                      0.0           30.8                  0.0              34.6          0.0          0.0                 0.0       92.3       0.0
=== R5 validation eval blocks: success vs composition ===
           tag  block     n   succ  med_steps  succ_ge200  rec_share_of_succ  fail_coil  fail_shove  fail_thrash  fail_near  fail_far
0   car_nopriv      0  98.0   31.6      600.0        31.0               29.0        4.5         3.0         76.1        0.0       0.0
1   car_nopriv      1  98.0   43.9      600.0         2.0                0.0        0.0       100.0          0.0        0.0       0.0
2   car_nopriv      2  98.0   70.4      444.5        37.0               17.4        0.0        37.9         41.4       10.3       0.0
3   car_nopriv      3  98.0   91.8       61.0         4.0               10.0       25.0        25.0          0.0       37.5       0.0
4   car_nopriv      4  98.0   91.8       66.0         3.0               12.2       12.5        50.0          0.0       37.5       0.0
5       car_v3      0  98.0   76.5      104.0        10.0               12.0       52.2        13.0         26.1        4.3       0.0
6       car_v3      1  98.0   87.8       97.5         6.0               24.4        0.0         0.0         33.3       58.3       0.0
7       car_v3      2  98.0   38.8      600.0        38.0                0.0        0.0         0.0         96.7        0.0       0.0
8       car_v3      3  98.0   94.9       68.0         6.0               19.4        0.0         0.0         20.0       80.0       0.0
9       car_v3      4  98.0   96.9       71.5         3.0               22.1        0.0        66.7          0.0       33.3       0.0
10      car_v3      5  98.0   91.8      249.0        83.0               35.6        0.0         0.0          0.0        0.0       0.0
11      car_v3      6  98.0   98.0       68.5         2.0               16.7        0.0         0.0          0.0      100.0       0.0
12     car_v3a      0  98.0   50.0      596.5        49.0               49.0        2.0         2.0         46.9        0.0       0.0
13     car_v3a      1  98.0   82.7       94.5         3.0               33.3       17.6        29.4         11.8       35.3       0.0
14     car_v3a      2  98.0   67.3      263.5        33.0               69.7        9.4         6.2         40.6       25.0       0.0
15     tb_repl      0  98.0   68.4      461.0        67.0               35.8        0.0         0.0         93.5        0.0       0.0
16     tb_repl      1  98.0   98.0       61.0         0.0                0.0        0.0         0.0          0.0      100.0       0.0
17     tb_repl      2  98.0   98.0       62.0         0.0                0.0       50.0         0.0          0.0       50.0       0.0
18     tb_repl      3  98.0  100.0       64.5         0.0                3.1        NaN         NaN          NaN        NaN       NaN
19     tb_v1r1      0  98.0   73.5      485.5        72.0               34.7        0.0         0.0         76.9        0.0       0.0
20     tb_v1r1      1  98.0   99.0       59.0         0.0                1.0        0.0         0.0          0.0      100.0       0.0
21     tb_v1r1      2  98.0   99.0       58.0         1.0                1.0      100.0         0.0          0.0        0.0       0.0
22     tb_v1r2      0  98.0   59.2      501.5        58.0               19.0        0.0         0.0         95.0        0.0       0.0
23     tb_v1r2      1  97.0  100.0       59.0         0.0                1.0        NaN         NaN          NaN        NaN       NaN
24     tb_v1r2      2  98.0   98.0       68.0         5.0                4.2        0.0        50.0          0.0       50.0       0.0
25     tb_v1r2      3  92.0   96.7       72.0         0.0                0.0       33.3         0.0          0.0       66.7       0.0
26     tb_v1r2      4  95.0   95.8       72.0         1.0                3.3        0.0         0.0          0.0      100.0       0.0
27     tb_v1r2      5  97.0  100.0       72.0         0.0                1.0        NaN         NaN          NaN        NaN       NaN
28     tb_v1r2      6  94.0   98.9       68.0         1.0                6.5      100.0         0.0          0.0        0.0       0.0
29     tb_v1r2      7  97.0  100.0       64.0         1.0                2.1        NaN         NaN          NaN        NaN       NaN
30     tb_v1r2      8  97.0   97.9       64.0         4.0                5.3        0.0         0.0         50.0        0.0       0.0
31     tb_v1r2      9  98.0   99.0       69.0         1.0                2.1      100.0         0.0          0.0        0.0       0.0
32     tb_v1r2     10  98.0  100.0       63.5         2.0                6.1        NaN         NaN          NaN        NaN       NaN
33     tb_v1r2     11  97.0  100.0       66.0         2.0                6.2        NaN         NaN          NaN        NaN       NaN
34     tb_v1r2     12  97.0   99.0       70.0         2.0                9.4      100.0         0.0          0.0        0.0       0.0
35     tb_v1r2     13  97.0  100.0       68.0         0.0                5.2        NaN         NaN          NaN        NaN       NaN
36     tb_v1r2     14  97.0   96.9       65.0         2.0                2.1        0.0        33.3          0.0       66.7       0.0
37     tb_v1r2     15  98.0   99.0       60.0         4.0                5.2        0.0       100.0          0.0        0.0       0.0
38     tb_v1r2     16  98.0  100.0       65.0         2.0                3.1        NaN         NaN          NaN        NaN       NaN
39     tb_v1r2     17  97.0  100.0       62.0         0.0                1.0        NaN         NaN          NaN        NaN       NaN
40     tb_v1r2     18  97.0   99.0       63.0         0.0                2.1        0.0         0.0          0.0      100.0       0.0
41     tb_v1r2     19  97.0  100.0       71.0         0.0                3.1        NaN         NaN          NaN        NaN       NaN
42       tb_v2      0  98.0   92.9      433.5        91.0               18.7        0.0         0.0         57.1        0.0       0.0
43       tb_v2      1  98.0   95.9       59.5         0.0                0.0       75.0         0.0          0.0       25.0       0.0
44       tb_v2      2  98.0   99.0       60.0         0.0                0.0        0.0         0.0          0.0      100.0       0.0
45       tb_v2      3  98.0   99.0       58.0         0.0                0.0      100.0         0.0          0.0        0.0       0.0
46       tb_v2      4  98.0  100.0       56.5         0.0                3.1        NaN         NaN          NaN        NaN       NaN
47       tb_v2      5  98.0  100.0       58.0         0.0                0.0        NaN         NaN          NaN        NaN       NaN
48       tb_v2      6  98.0  100.0       57.0         1.0                0.0        NaN         NaN          NaN        NaN       NaN
49       tb_v2      7  98.0   99.0       57.0         0.0                0.0        0.0         0.0          0.0      100.0       0.0
50       tb_v2      8  98.0   99.0       57.5         2.0                0.0        0.0         0.0          0.0      100.0       0.0
51         v3a      0  98.0   50.0      440.0        10.0                0.0        0.0        93.9          4.1        0.0       0.0
52         v3a      1  98.0   50.0      322.0         0.0                0.0        6.1        93.9          0.0        0.0       0.0
53         v3a      2  98.0   50.0      322.0         0.0                0.0        2.0        98.0          0.0        0.0       0.0
54         v3a      3  98.0   49.0      230.0         1.0                0.0        0.0        94.0          0.0        2.0       0.0
55         v3a      4  98.0   51.0       78.5         0.0                0.0        4.2        95.8          0.0        0.0       0.0
56         v3a      5  98.0   52.0       97.5         0.0                3.9        2.1        97.9          0.0        0.0       0.0
57         v3a      6  98.0   52.0       57.0         1.0                0.0        0.0       100.0          0.0        0.0       0.0
58         v3a      7  98.0   49.0      322.5         0.0                0.0        6.0        92.0          0.0        0.0       0.0
59         v3a      8  98.0   48.0      322.5         0.0                0.0        0.0        96.1          0.0        0.0       0.0
60         v3a      9  98.0   50.0      322.0         0.0                0.0        0.0       100.0          0.0        0.0       0.0
61         v3a     10  98.0   50.0      323.0         0.0                0.0        0.0       100.0          0.0        0.0       0.0
62         v3a     11  98.0   51.0       48.0         0.0                0.0        0.0       100.0          0.0        0.0       0.0
63         v3a     12  98.0   50.0      323.5         0.0                0.0        0.0       100.0          0.0        0.0       0.0
64         v3a     13  95.0   50.5       42.0         0.0                0.0        0.0        95.7          0.0        2.1       0.0
65         v3c      0  98.0   29.6      600.0        21.0                0.0        0.0         1.4         33.3        0.0       0.0
66         v3c      1  98.0   62.2       51.0         1.0                8.2       64.9         2.7         32.4        0.0       0.0
67        v3c2      0  98.0   35.7      600.0        13.0                0.0        0.0        49.2         47.6        0.0       0.0
68        v3c2      1  98.0   56.1       53.0         0.0                1.8       55.8         4.7         30.2        0.0       0.0
69        v3c2      2  98.0   55.1       48.5         1.0                0.0       13.6         0.0         86.4        0.0       0.0
70        v3c2      3  98.0   50.0       48.0         0.0                0.0        2.0         0.0         95.9        0.0       0.0
71        v3c2      4  98.0   48.0      600.0         0.0                0.0        9.8         0.0         90.2        0.0       0.0
72        v3c2      5  98.0   40.8      600.0         1.0                0.0       17.2         0.0         82.8        0.0       0.0
73        v3c2      6  98.0   48.0      417.5         1.0                0.0       11.8         0.0         82.4        2.0       0.0
74        v3c2      7  98.0   51.0       50.5         0.0                0.0        8.3         0.0         91.7        0.0       0.0
75        v3c2      8  98.0   37.8      600.0         0.0                0.0        0.0         1.6         96.7        1.6       0.0
76        v3c2      9  98.0   42.9      600.0         0.0                0.0        1.8         0.0         98.2        0.0       0.0
77        v3c2     10  98.0   45.9      600.0         1.0                0.0        1.9         0.0         98.1        0.0       0.0
78        v3c2     11  98.0   43.9      600.0         0.0                0.0        0.0         0.0        100.0        0.0       0.0
79        v3c2     12  98.0   27.6      600.0         1.0                0.0        0.0         0.0         98.6        0.0       0.0
80        v3c3      0  98.0   25.5      600.0        25.0                0.0        0.0         0.0         87.7        0.0       0.0
81        v3c3      1  98.0   54.1       69.5         0.0                0.0        0.0        62.2         24.4       11.1       0.0
Spearman across val blocks (n=83): success vs ...
  med_steps          rho=-0.63 p=0.000 n=83
  succ_ge200         rho=-0.11 p=0.338 n=83
  rec_share_of_succ  rho=+0.37 p=0.001 n=83
  fail_coil          rho=+0.14 p=0.248 n=70
  fail_shove         rho=-0.29 p=0.017 n=70
  fail_thrash        rho=-0.55 p=0.000 n=70
  fail_near          rho=+0.54 p=0.000 n=70
  fail_far           rho=+nan p=nan n=70
=== R6 same success rate, different character: val blocks within 4 pts of success but >=2x median steps ===
          tagA  blkA      succA  stepsA  ge200A     tagB  blkB      succB  stepsB  ge200B
0   car_nopriv     3  91.836735    61.0     4.0   car_v3     5  91.836735   249.0    83.0
1   car_nopriv     3  91.836735    61.0     4.0    tb_v2     0  92.857143   433.5    91.0
2   car_nopriv     4  91.836735    66.0     3.0   car_v3     5  91.836735   249.0    83.0
3   car_nopriv     4  91.836735    66.0     3.0    tb_v2     0  92.857143   433.5    91.0
4       car_v3     0  76.530612   104.0    10.0  tb_v1r1     0  73.469388   485.5    72.0
5       car_v3     3  94.897959    68.0     6.0   car_v3     5  91.836735   249.0    83.0
6       car_v3     3  94.897959    68.0     6.0    tb_v2     0  92.857143   433.5    91.0
7       car_v3     5  91.836735   249.0    83.0  tb_v1r2     4  95.789474    72.0     1.0
8      tb_v1r2     3  96.739130    72.0     0.0    tb_v2     0  92.857143   433.5    91.0
9      tb_v1r2     4  95.789474    72.0     1.0    tb_v2     0  92.857143   433.5    91.0
10       tb_v2     0  92.857143   433.5    91.0    tb_v2     1  95.918367    59.5     0.0
=== R7 explore windows -> next validation success ===
           tag  win       n  ex_succ  next_succ  prev_succ  med_steps  rec_share  rec_share_of_succ  coil  shove  thrash  near  far  fail_coil  fail_thrash  fail_shove  fail_near
1   car_nopriv    1   979.0     78.9       43.9       31.6      153.0       36.0               39.8   4.1   13.2     4.6   2.2  0.0       19.3         20.8        28.5        9.7
2   car_nopriv    2   789.0     61.1       70.4       43.9      226.0       18.4               28.8   1.4   34.0     9.5   2.5  0.0        3.6         23.5        65.5        5.5
3   car_nopriv    3  1683.0     93.5       91.8       70.4       85.0       19.3               20.2   0.5    3.8     1.8   2.7  0.0        6.4         22.7        36.4       27.3
4   car_nopriv    4  1882.0     93.4       91.8       91.8       82.0       15.9               16.8   0.6    3.3     1.8   2.0  0.0        7.3         24.2        42.7       21.8
5       car_v3    0   593.0     52.8       76.5        NaN      523.0       24.1               40.3   0.7   37.4    32.4   1.5  0.0        1.4         57.1        32.5        2.9
6       car_v3    1   987.0     84.7       87.8       76.5      167.0       43.9               49.2   2.1   12.1     6.5   3.1  0.0       13.2         27.2        30.5       14.6
7       car_v3    2  1193.0     79.4       38.8       87.8      144.0       35.3               43.5   0.3    4.0    19.9   0.9  0.0        1.2         85.0         6.5        3.7
8       car_v3    3   889.0     89.0       94.9       38.8      137.0       36.4               39.3   0.0    0.9    18.0   2.6  0.0        0.0         72.4         3.1       11.2
9       car_v3    4  1984.0     96.4       96.9       94.9       85.0       25.4               25.7   0.1    1.3     0.3   3.2  0.0        1.4          7.0        15.5       59.2
10      car_v3    5   792.0     61.2       91.8       96.9      449.0       16.2               24.3   0.5    3.7    49.0   0.6  0.0        1.3         87.6         6.2        1.6
11      car_v3    6   896.0     84.2       98.0       91.8      135.0       25.2               28.6   0.0    1.3    25.3   1.0  0.0        0.0         82.4         4.9        5.6
13     car_v3a    1   782.0     63.0       82.7       50.0      348.0       35.9               48.3   5.5   21.5     5.4   2.2  0.0       14.5         14.2        51.2        5.2
14     car_v3a    2   597.0     34.8       67.3       82.7      600.0        9.7               26.9   0.8   10.6    55.6   1.8  0.0        1.3         84.1        11.3        2.8
16     tb_repl    1  2164.0     97.8       98.0       68.4       79.0       10.4               10.1   0.0    0.9     0.9   0.6  0.0        2.1         38.3        17.0       17.0
17     tb_repl    2  2082.0     92.9       98.0       98.0       84.0        6.4                6.8   0.1    3.0     3.1   1.2  0.0        1.4         43.2        39.9       14.9
18     tb_repl    3  2306.0     97.9      100.0       98.0       89.0        5.0                5.0   0.1    1.6     0.0   0.8  0.0        4.1          0.0        59.2       32.7
20     tb_v1r2    1  2086.0     97.2      100.0       59.2       79.0       12.4               11.3   0.2    0.4     0.9   0.5  0.0        6.8         27.1         8.5        8.5
21     tb_v1r2    2  2251.0     96.7       98.0      100.0       84.0        3.4                3.5   0.8    0.3     0.4   2.7  0.0       23.0          6.8         6.8       63.5
22     tb_v1r2    3  2050.0     95.4       96.7       98.0       89.0        3.9                4.0   1.0    0.4     0.0   3.9  0.0       20.0          1.1         5.3       72.6
23     tb_v1r2    4  2289.0     97.3       95.8       96.7       90.0        3.7                3.8   0.8    0.2     0.0   2.2  0.0       27.9          0.0         8.2       63.9
24     tb_v1r2    5  2077.0     97.2      100.0       95.8       91.0        4.3                4.5   0.3    0.2     0.0   3.9  0.0       10.3          0.0         1.7       87.9
25     tb_v1r2    6  2191.0     98.0       98.9      100.0       87.0        6.9                6.9   0.2    3.5     0.0   2.7  0.0        9.1          0.0         4.5       81.8
26     tb_v1r2    7  2357.0     99.1      100.0       98.9       86.0        7.0                7.0   0.1    0.0     0.0   1.7  0.0        9.1          0.0         0.0       90.9
27     tb_v1r2    8  2368.0     97.9       97.9      100.0       86.0        6.5                6.7   0.3    0.4     0.0   2.1  0.0       12.0          0.0        14.0       74.0
28     tb_v1r2    9  2461.0     98.6       99.0       97.9       86.0        5.2                5.3   0.4    0.1     0.0   1.4  0.0       23.5          2.9         5.9       67.6
29     tb_v1r2   10  2590.0     99.0      100.0       99.0       84.0        4.8                4.8   0.3    0.2     0.0   1.2  0.0       26.9          0.0         3.8       69.2
30     tb_v1r2   11  2582.0     98.3      100.0      100.0       83.0        4.7                4.7   0.3    0.2     0.0   1.5  0.0       14.0          0.0        11.6       72.1
31     tb_v1r2   12  2082.0     97.7       99.0      100.0       95.0       13.1               13.3   0.2    0.2     0.1   2.2  0.0       10.6          0.0         6.4       78.7
32     tb_v1r2   13  2378.0     98.5      100.0       99.0       86.5        8.5                8.6   0.0    0.2     0.0   1.6  0.0        2.8          2.8         8.3       80.6
33     tb_v1r2   14  2585.0     98.8       96.9      100.0       82.0        4.4                4.5   0.2    0.0     0.0   1.3  0.0       15.6          0.0         3.1       81.2
34     tb_v1r2   15  2682.0     98.2       99.0       96.9       78.0        3.9                4.0   0.2    0.0     0.0   2.1  0.0       10.2          0.0         0.0       89.8
35     tb_v1r2   16  2367.0     98.3      100.0       99.0       90.0        9.0                9.0   0.2    0.3     0.3   1.3  0.0       10.0         15.0         2.5       60.0
36     tb_v1r2   17  2556.0     99.3      100.0      100.0       87.0        6.3                6.3   0.2    0.1     0.0   0.6  0.0       23.5          0.0        11.8       64.7
37     tb_v1r2   18  2761.0     98.8       99.0      100.0       80.0        4.8                4.9   0.1    0.1     0.0   1.2  0.0       11.8          0.0         2.9       85.3
38     tb_v1r2   19  2456.0     98.5      100.0       99.0       84.0        6.1                6.2   0.1    0.0     0.0   1.5  0.0        7.9          0.0         2.6       89.5
40       tb_v2    1  2292.0     97.6       95.9       92.9       77.0        8.6                8.1   0.1    0.3     1.6   0.3  0.0        5.6         59.3         3.7        5.6
41       tb_v2    2  3202.0     99.8       99.0       95.9       73.0        1.7                1.7   0.0    0.0     0.0   0.2  0.0        0.0          0.0         0.0      100.0
42       tb_v2    3  3321.0    100.0       99.0       99.0       73.0        1.7                1.7   0.0    0.0     0.0   0.1  0.0        0.0          0.0         0.0      100.0
43       tb_v2    4  3314.0    100.0      100.0       99.0       72.0        1.0                1.0   0.0    0.0     0.0   0.1  0.0        NaN          NaN         NaN        NaN
44       tb_v2    5  3411.0    100.0      100.0      100.0       72.0        0.7                0.7   0.0    0.0     0.0   0.1  0.0      100.0          0.0         0.0        0.0
45       tb_v2    6  3321.0    100.0      100.0      100.0       72.0        0.8                0.8   0.0    0.0     0.0   0.0  0.0        0.0          0.0         0.0      100.0
46       tb_v2    7  3410.0    100.0       99.0      100.0       71.0        0.7                0.7   0.0    0.0     0.0   0.0  0.0        NaN          NaN         NaN        NaN
47       tb_v2    8  3412.0    100.0       99.0       99.0       71.0        0.8                0.8   0.0    0.0     0.0   0.0  0.0        NaN          NaN         NaN        NaN
48         v3a    1   760.0     46.7       50.0       50.0      600.0        5.1                8.5   1.1   46.4     8.4   0.3  0.0        2.0         12.6        82.7        0.5
49         v3a    2   721.0     49.4       50.0       50.0      600.0        0.4                0.6   1.1   49.2     0.1   0.7  0.0        2.2          0.3        95.9        1.4
50         v3a    3   730.0     46.3       49.0       50.0      600.0        0.0                0.0   0.4   53.7     0.3   0.0  0.0        0.8          0.5        98.7        0.0
51         v3a    4   712.0     45.9       51.0       49.0      600.0        0.4                0.9   1.4   52.7     0.4   0.3  0.0        2.3          0.8        96.4        0.5
52         v3a    5   820.0     50.2       52.0       51.0      127.5        0.1                0.2   0.9   48.9     0.1   0.0  0.0        1.7          0.2        98.0        0.0
53         v3a    6   712.0     45.4       52.0       52.0      600.0        0.1                0.3   0.8   53.7     0.1   0.1  0.0        1.5          0.3        97.9        0.3
54         v3a    7   717.0     43.5       49.0       52.0      600.0        0.4                1.0   0.4   56.6     0.1   0.0  0.0        0.7          0.2        99.0        0.0
55         v3a    8   712.0     45.4       48.0       49.0      600.0        0.0                0.0   1.1   53.7     0.3   0.0  0.0        2.1          0.5        97.4        0.0
56         v3a    9   727.0     45.7       50.0       48.0      600.0        0.0                0.0   0.0   55.0     0.3   0.0  0.0        0.0          0.3        99.7        0.0
57         v3a   10   826.0     47.6       50.0       50.0      600.0        0.1                0.3   0.0   53.3     0.1   0.0  0.0        0.0          0.2        99.8        0.0
58         v3a   11   734.0     50.5       51.0       50.0      172.5        0.0                0.0   0.0   50.4     0.1   0.0  0.0        0.0          0.3        99.7        0.0
59         v3a   12   728.0     47.8       50.0       51.0      600.0        0.0                0.0   0.1   51.9     1.0   0.0  0.0        0.3          1.8        97.9        0.0
60         v3a   13   825.0     47.6       50.5       50.0      600.0        0.0                0.0   0.0   53.1     0.0   0.0  0.0        0.0          0.0       100.0        0.0
61         v3c    1   667.0     48.6       62.2       29.6      600.0       19.9               27.2   9.7    9.7    29.4   1.3  0.0       17.2         51.0        16.3        2.3
62        v3c2    1   751.0     51.9       56.1       35.7      420.0       16.1               21.0  18.1    6.0    20.5   3.3  0.0       35.2         35.5        11.6        6.9
63        v3c2    2   908.0     58.8       55.1       56.1       68.0        5.0                6.7  34.5    0.7     5.6   0.8  0.0       81.3         13.1         1.3        1.9
64        v3c2    3   762.0     48.0       50.0       55.1      600.0        2.0                2.7  15.4    1.4    34.1   1.0  0.0       29.5         64.9         2.3        2.0
65        v3c2    4   768.0     47.1       48.0       50.0      600.0        1.3                1.9   5.1    0.3    47.5   0.1  0.0        9.1         89.4         0.5        0.2
66        v3c2    5   684.0     48.1       40.8       48.0      600.0        1.3                2.4   4.1    0.3    48.2   0.0  0.0        7.3         92.1         0.3        0.0
67        v3c2    6   778.0     46.7       48.0       40.8      600.0        1.0                1.7   6.2    0.1    47.3   0.0  0.0       11.3         88.0         0.2        0.0
68        v3c2    7   783.0     49.8       51.0       48.0      600.0        1.3                2.6   6.3    0.0    44.2   0.0  0.0       12.2         87.8         0.0        0.0
69        v3c2    8   695.0     39.7       37.8       51.0      600.0        1.4                2.9   1.9    0.4    58.1   0.0  0.0        3.1         95.9         0.5        0.0
70        v3c2    9   596.0     41.3       42.9       37.8      600.0        1.2                2.8   1.5    0.8    56.9   0.2  0.0        2.6         96.0         1.1        0.3
71        v3c2   10   696.0     41.5       45.9       42.9      600.0        0.9                2.1   1.1    0.3    57.3   0.3  0.0        2.0         97.1         0.5        0.5
72        v3c2   11   701.0     42.7       43.9       45.9      600.0        1.3                3.0   2.1    0.3    55.1   0.3  0.0        3.7         95.3         0.5        0.5
73        v3c2   12   691.0     43.3       27.6       43.9      600.0        1.3                2.0   0.7    0.7    55.3   0.1  0.0        1.3         96.4         1.3        0.3
74        v3c3    1   674.0     40.8       54.1       25.5      600.0       11.6               17.5   0.4   23.0    29.1   5.6  0.0        0.8         44.1        38.1        9.5
Spearman across explore windows (n=71): next_succ vs ...
  ex_succ            rho=+0.88 p=0.000 n=71
  med_steps          rho=-0.80 p=0.000 n=71
  rec_share          rho=+0.29 p=0.015 n=71
  rec_share_of_succ  rho=+0.22 p=0.059 n=71
  coil               rho=-0.58 p=0.000 n=71
  shove              rho=-0.61 p=0.000 n=71
  thrash             rho=-0.70 p=0.000 n=71
  near               rho=+0.34 p=0.003 n=71
  far                rho=+nan p=nan n=71
  fail_coil          rho=+0.27 p=0.024 n=68
  fail_thrash        rho=-0.58 p=0.000 n=68
  fail_shove         rho=-0.23 p=0.054 n=68
  fail_near          rho=+0.79 p=0.000 n=68
within-run (demeaned by tag) Spearman:
  ex_succ            rho=+0.59 p=0.000
  rec_share          rho=+0.05 p=0.700
  rec_share_of_succ  rho=-0.09 p=0.441
  coil               rho=+0.05 p=0.673
  shove              rho=-0.23 p=0.049
  thrash             rho=-0.39 p=0.001
  near               rho=+0.04 p=0.726
  far                rho=+nan p=nan
  fail_coil          rho=+0.14 p=0.252
  fail_thrash        rho=-0.27 p=0.023
  fail_shove         rho=-0.02 p=0.867
  fail_near          rho=+0.27 p=0.024
=== R8 host-test checkpoints (real patient): success vs composition ===
                                                 tag           family               ck      n  succ  med_steps  succ_ge200  rec_share_of_succ  fail_coil  fail_shove  fail_thrash  fail_near  fail_far
1           host_p2_teacher_v1bp_ck0_20260901_215303  p2_teacher_v1bp                0   98.0   0.0      600.0         0.0                NaN        1.0        10.2         83.7        0.0       0.0
0           host_p2_teacher_v1bp_ck0_20260901_191552  p2_teacher_v1bp                0   98.0   9.2      600.0         9.0               66.7        0.0        14.6         80.9        0.0       0.0
2                               host_tbv1r1_ck256370           tbv1r1           256370   82.0  45.1      600.0         3.0               18.9       17.8        48.9          4.4       24.4       0.0
3                               host_tbv1r1_ck505230           tbv1r1           505230   82.0  63.4      189.5        11.0                9.6       83.3        10.0          0.0        6.7       0.0
6               host_topbrain_v1_ck0_20260901_203431      topbrain_v1                0   98.0   1.0      600.0         1.0              100.0        0.0         8.2         83.5        4.1       0.0
5               host_topbrain_v1_ck0_20260831_160901      topbrain_v1                0   98.0   2.0      600.0         2.0              100.0        1.0         0.0         87.5        1.0       0.0
8         host_topbrain_v1_ck1251464_20260831_115629      topbrain_v1          1251464   98.0  35.7      600.0         8.0               17.1       46.0        15.9          9.5       25.4       0.0
13         host_topbrain_v1_ck253934_20260831_094716      topbrain_v1           253934   98.0  57.1      495.5        24.0               16.1        7.1        61.9          0.0       26.2       0.0
4   host_topbrain_v1_best_checkpoint_20260831_152449      topbrain_v1  best_checkpoint   98.0  59.2      511.0        21.0               27.6        0.0        60.0          2.5       25.0       0.0
10        host_topbrain_v1_ck1507175_20260831_041711      topbrain_v1          1507175   96.0  65.6      141.0        11.0               17.5       93.9         0.0          3.0        3.0       0.0
11        host_topbrain_v1_ck1507175_20260831_070513      topbrain_v1          1507175   98.0  68.4      146.5        10.0               25.4       90.3         3.2          3.2        3.2       0.0
7         host_topbrain_v1_ck1010053_20260831_112349      topbrain_v1          1010053   98.0  75.5       77.0         5.0               21.6       33.3         4.2         50.0       12.5       0.0
14         host_topbrain_v1_ck506469_20260831_105211      topbrain_v1           506469   98.0  76.5       69.0         6.0               10.7       26.1         0.0          0.0       52.2       0.0
17         host_topbrain_v1_ck756995_20260831_091525      topbrain_v1           756995   98.0  87.8       98.5         3.0               54.7       83.3         8.3          8.3        0.0       0.0
16         host_topbrain_v1_ck756995_20260831_081835      topbrain_v1           756995   97.0  90.7       94.0         4.0               46.6       88.9        11.1          0.0        0.0       0.0
23        host_topbrain_v2_ck1501133_20260908_015543      topbrain_v2          1501133   98.0  36.7      600.0        13.0                8.3       71.0        17.7          1.6        9.7       0.0
19        host_topbrain_v2_ck1002078_20260907_214914      topbrain_v2          1002078   98.0  49.0      600.0        24.0               10.4       10.0        16.0          2.0       72.0       0.0
27         host_topbrain_v2_ck503474_20260907_193336      topbrain_v2           503474   98.0  51.0      571.0        34.0                0.0       85.4         0.0          0.0       14.6       0.0
22        host_topbrain_v2_ck1501133_20260907_110849      topbrain_v2          1501133   87.0  55.2       80.0         3.0                0.0       66.7        17.9          0.0       15.4       0.0
28         host_topbrain_v2_ck755233_20260907_053657      topbrain_v2           755233   98.0  58.2      116.0         6.0                3.5       92.7         2.4          2.4        2.4       0.0
29         host_topbrain_v2_ck755233_20260907_205504      topbrain_v2           755233   98.0  60.2       87.5         5.0                3.4       82.1        10.3          0.0        7.7       0.0
25        host_topbrain_v2_ck2001807_20260908_054146      topbrain_v2          2001807   98.0  62.2      304.0        16.0               23.0       29.7        27.0          5.4       37.8       0.0
20        host_topbrain_v2_ck1255725_20260908_000610      topbrain_v2          1255725   98.0  67.3      151.5        16.0                4.5       62.5         9.4          0.0       28.1       0.0
26         host_topbrain_v2_ck257466_20260907_183918      topbrain_v2           257466   98.0  67.3       74.0         4.0                7.6       78.1        18.8          0.0        3.1       0.0
21        host_topbrain_v2_ck1501133_20260907_080200      topbrain_v2          1501133   97.0  72.2       67.0         4.0                2.9       74.1         7.4          3.7       14.8       0.0
24        host_topbrain_v2_ck1751101_20260908_041631      topbrain_v2          1751101   98.0  72.4      233.0        23.0                8.5       51.9        11.1          3.7       29.6       0.0
18  host_topbrain_v2_best_checkpoint_20260908_073801      topbrain_v2  best_checkpoint   98.0  74.5      103.5        18.0               23.3        4.0        20.0         12.0       64.0       0.0
34        host_topbrain_v3_ck1752049_20260908_203358      topbrain_v3          1752049   72.0  75.0      122.0        13.0               24.1        5.6         0.0         27.8       55.6       0.0
33        host_topbrain_v3_ck1752049_20260908_184204      topbrain_v3          1752049   97.0  79.4       74.0        16.0               13.0       35.0        10.0          0.0       50.0       0.0
32        host_topbrain_v3_ck1502006_20260908_173514      topbrain_v3          1502006   98.0  79.6      102.0        13.0               14.1       60.0         0.0          5.0       35.0       0.0
37         host_topbrain_v3_ck756872_20260908_161717      topbrain_v3           756872   98.0  81.6       60.5         2.0                5.0       16.7        44.4         16.7       22.2       0.0
30        host_topbrain_v3_ck1002606_20260908_163751      topbrain_v3          1002606   98.0  86.7       66.5        14.0               10.6       30.8         7.7         15.4       46.2       0.0
31        host_topbrain_v3_ck1256323_20260908_165015      topbrain_v3          1256323   98.0  91.8      118.0        29.0               14.4       50.0         0.0         12.5       25.0       0.0
36         host_topbrain_v3_ck504695_20260908_160801      topbrain_v3           504695   98.0  94.9       57.0         3.0               10.8       20.0        80.0          0.0        0.0       0.0
35         host_topbrain_v3_ck256854_20260908_160020      topbrain_v3           256854   98.0  99.0       55.0         9.0                8.2        0.0       100.0          0.0        0.0       0.0
38                                      host_v1bp_H0             v1bp               H0   82.0  29.3      600.0        24.0                0.0       41.4         0.0         31.0        0.0       0.0
40                                host_v1bp_ck514264             v1bp           514264   82.0  69.5      281.0        20.0               15.8        8.0        32.0          0.0       52.0       0.0
39                               host_v1bp_ck2002292             v1bp          2002292   82.0  74.4       93.5        11.0               19.7       19.0        52.4         28.6        0.0       0.0
Spearman across host checkpoints (n=39): success vs ...
  med_steps          rho=-0.82 p=0.000 n=39
  succ_ge200         rho=+0.07 p=0.656 n=39
  rec_share_of_succ  rho=-0.00 p=0.989 n=38
  fail_coil          rho=+0.13 p=0.416 n=39
  fail_shove         rho=+0.04 p=0.796 n=39
  fail_thrash        rho=-0.20 p=0.230 n=39
  fail_near          rho=+0.12 p=0.457 n=39
  fail_far           rho=+nan p=nan n=39
=== R9 long successes (>=200 steps): where the stall was, how it was escaped ===
band                 proximal  mid  distal  at-target
era         kind                                     
carotid_v3  explore       261  825     526        689
            val           100  107      21         31
host        host           16   77     163        139
procedural  explore        24  103     123        104
            val             3    5       1          5
topbrain_v1 explore        96   59     193        904
            val             7    1      58         33
topbrain_v2 explore        12   11      31        146
            val             1    0      16          7
                     steps  ev_n  ev_ret_max  withdrawn_mm  ret_bout_max_mm  giveback_mm  ev_last_close_frac
era         kind                                                                                            
carotid_v3  explore  337.0   3.0         9.3         202.0             13.8         58.1                 0.9
            val      408.5   2.0         1.3          31.0              6.5         14.6                 0.7
host        host     357.5   1.0        11.7         101.4             23.5         47.8                 0.9
procedural  explore  294.0   3.0        10.5         238.5             13.9         74.3                 0.9
            val      290.0   0.0         0.0           2.2              0.5          0.0                -1.0
topbrain_v1 explore  347.0   2.0         7.3         164.3             10.3         33.2                 1.0
            val      434.0   0.0         0.0           0.0              0.0          0.2                -1.0
topbrain_v2 explore  391.5   2.0         3.9         157.4              8.2         33.4                 1.0
            val      424.0   0.0         0.0           0.0              0.0          0.2                -1.0
fast (<120) vs long (>=200) successes, explore, per era: median retract stats
                  steps  withdrawn_mm  ret_bouts  ret_bout_max_mm  ev_n  giveback_mm  slack_max
era         lc                                                                                 
carotid_v3  fast   80.0           9.8        6.0              3.4   0.0          0.2        5.6
            long  337.0         202.0       63.0             13.8   3.0         58.1       13.8
            mid   146.0          61.3       21.0              9.8   1.0         12.4       18.7
procedural  fast   36.0          11.8        3.0              6.2   0.0          0.0       -0.7
            long  294.0         238.5       63.0             13.9   3.0         74.3        8.4
            mid   146.0         105.2       29.5             10.8   1.0         23.5        6.3
topbrain_v1 fast   83.0          10.3        7.0              3.2   0.0          0.1        4.7
            long  347.0         164.3       72.0             10.3   2.0         33.2       17.8
            mid   136.0          40.6       18.0              6.8   1.0          3.8       24.1
topbrain_v2 fast   72.0           2.8        3.0              1.6   0.0          0.0        5.0
            long  391.5         157.4       85.0              8.2   2.0         33.4        9.3
            mid   127.0          26.2       11.5              6.3   1.0          4.8       32.9
=== R10 time course of failure composition (explore windows) for the key runs ===
-- v3c2
 win     n  ex_succ  next_succ  med_steps  rec_share_of_succ  fail_coil  fail_shove  fail_thrash  fail_near
   1 751.0     51.9       56.1      420.0               21.0       35.2        11.6         35.5        6.9
   2 908.0     58.8       55.1       68.0                6.7       81.3         1.3         13.1        1.9
   3 762.0     48.0       50.0      600.0                2.7       29.5         2.3         64.9        2.0
   4 768.0     47.1       48.0      600.0                1.9        9.1         0.5         89.4        0.2
   5 684.0     48.1       40.8      600.0                2.4        7.3         0.3         92.1        0.0
   6 778.0     46.7       48.0      600.0                1.7       11.3         0.2         88.0        0.0
   7 783.0     49.8       51.0      600.0                2.6       12.2         0.0         87.8        0.0
   8 695.0     39.7       37.8      600.0                2.9        3.1         0.5         95.9        0.0
   9 596.0     41.3       42.9      600.0                2.8        2.6         1.1         96.0        0.3
  10 696.0     41.5       45.9      600.0                2.1        2.0         0.5         97.1        0.5
  11 701.0     42.7       43.9      600.0                3.0        3.7         0.5         95.3        0.5
  12 691.0     43.3       27.6      600.0                2.0        1.3         1.3         96.4        0.3
-- tb_v1r2
 win      n  ex_succ  next_succ  med_steps  rec_share_of_succ  fail_coil  fail_shove  fail_thrash  fail_near
   1 2086.0     97.2      100.0       79.0               11.3        6.8         8.5         27.1        8.5
   2 2251.0     96.7       98.0       84.0                3.5       23.0         6.8          6.8       63.5
   3 2050.0     95.4       96.7       89.0                4.0       20.0         5.3          1.1       72.6
   4 2289.0     97.3       95.8       90.0                3.8       27.9         8.2          0.0       63.9
   5 2077.0     97.2      100.0       91.0                4.5       10.3         1.7          0.0       87.9
   6 2191.0     98.0       98.9       87.0                6.9        9.1         4.5          0.0       81.8
   7 2357.0     99.1      100.0       86.0                7.0        9.1         0.0          0.0       90.9
   8 2368.0     97.9       97.9       86.0                6.7       12.0        14.0          0.0       74.0
   9 2461.0     98.6       99.0       86.0                5.3       23.5         5.9          2.9       67.6
  10 2590.0     99.0      100.0       84.0                4.8       26.9         3.8          0.0       69.2
  11 2582.0     98.3      100.0       83.0                4.7       14.0        11.6          0.0       72.1
  12 2082.0     97.7       99.0       95.0               13.3       10.6         6.4          0.0       78.7
  13 2378.0     98.5      100.0       86.5                8.6        2.8         8.3          2.8       80.6
  14 2585.0     98.8       96.9       82.0                4.5       15.6         3.1          0.0       81.2
  15 2682.0     98.2       99.0       78.0                4.0       10.2         0.0          0.0       89.8
  16 2367.0     98.3      100.0       90.0                9.0       10.0         2.5         15.0       60.0
  17 2556.0     99.3      100.0       87.0                6.3       23.5        11.8          0.0       64.7
  18 2761.0     98.8       99.0       80.0                4.9       11.8         2.9          0.0       85.3
  19 2456.0     98.5      100.0       84.0                6.2        7.9         2.6          0.0       89.5
-- car_v3
 win      n  ex_succ  next_succ  med_steps  rec_share_of_succ  fail_coil  fail_shove  fail_thrash  fail_near
   0  593.0     52.8       76.5      523.0               40.3        1.4        32.5         57.1        2.9
   1  987.0     84.7       87.8      167.0               49.2       13.2        30.5         27.2       14.6
   2 1193.0     79.4       38.8      144.0               43.5        1.2         6.5         85.0        3.7
   3  889.0     89.0       94.9      137.0               39.3        0.0         3.1         72.4       11.2
   4 1984.0     96.4       96.9       85.0               25.7        1.4        15.5          7.0       59.2
   5  792.0     61.2       91.8      449.0               24.3        1.3         6.2         87.6        1.6
   6  896.0     84.2       98.0      135.0               28.6        0.0         4.9         82.4        5.6
-- car_nopriv
 win      n  ex_succ  next_succ  med_steps  rec_share_of_succ  fail_coil  fail_shove  fail_thrash  fail_near
   1  979.0     78.9       43.9      153.0               39.8       19.3        28.5         20.8        9.7
   2  789.0     61.1       70.4      226.0               28.8        3.6        65.5         23.5        5.5
   3 1683.0     93.5       91.8       85.0               20.2        6.4        36.4         22.7       27.3
   4 1882.0     93.4       91.8       82.0               16.8        7.3        42.7         24.2       21.8
-- tb_v2
 win      n  ex_succ  next_succ  med_steps  rec_share_of_succ  fail_coil  fail_shove  fail_thrash  fail_near
   1 2292.0     97.6       95.9       77.0                8.1        5.6         3.7         59.3        5.6
   2 3202.0     99.8       99.0       73.0                1.7        0.0         0.0          0.0      100.0
   3 3321.0    100.0       99.0       73.0                1.7        0.0         0.0          0.0      100.0
   4 3314.0    100.0      100.0       72.0                1.0        NaN         NaN          NaN        NaN
   5 3411.0    100.0      100.0       72.0                0.7      100.0         0.0          0.0        0.0
   6 3321.0    100.0      100.0       72.0                0.8        0.0         0.0          0.0      100.0
   7 3410.0    100.0       99.0       71.0                0.7        NaN         NaN          NaN        NaN
   8 3412.0    100.0       99.0       71.0                0.8        NaN         NaN          NaN        NaN
